-3666 
-7445 
-11471 
-15572 
-19755 
-20365 
-20851 
-20603 
-20607 
-20316 
-19705 
-18765 
-18301 
-17698 
-17070 
-16649 
-16862 
-17279 
-17481 
-17606 
-17481 
-17190 
-16663 
-16249 
-16327 
-16640 
-16749 
-16733 
-16467 
-15887 
-15393 
-15043 
-15383 
-15656 
-15548 
-15400 
-15024 
-13623 
-12036 
-11037 
-9606 
-8178 
-7161 
-6380 
-4830 
-3301 
-1733 
-125 
1729 
3050 
3579 
3210 
2182 
393 
-1663 
-3495 
-5069 
-6726 
-8477 
-10071 
-11619 
-12848 
-13215 
-12890 
-12803 
-12628 
-12467 
-12848 
-14071 
-15333 
-16594 
-17635 
-18052 
-17314 
-15880 
-14261 
-13016 
-12597 
-13097 
-14105 
-15433 
-16819 
-18474 
-20149 
-21758 
-23286 
-24699 
-24861 
-24246 
-23053 
-21403 
-19383 
-17658 
-16324 
-15915 
-16090 
-16445 
-16789 
-16986 
-16775 
-16647 
-16859 
-17583 
-18565 
-18970 
-18361 
-16958 
-15501 
-14000 
-12904 
-12810 
-13086 
-12711 
-11875 
-11276 
-10665 
-10346 
-10113 
-9901 
-9547 
-8546 
-6697 
-4572 
-2700 
-1227 
-215 
491 
942 
1507 
2278 
2919 
2716 
1582 
-321 
-2401 
-4138 
-5316 
-6321 
-7200 
-8090 
-9421 
-11110 
-12435 
-13106 
-13082 
-12670 
-12227 
-12339 
-13235 
-14871 
-16566 
-17758 
-18160 
-18081 
-17668 
-17231 
-16900 
-16635 
-16505 
-16770 
-17570 
-18675 
-19997 
-21215 
-21977 
-22151 
-21970 
-21226 
-20319 
-19472 
-18803 
-18132 
-18040 
-18179 
-18243 
-18048 
-17875 
-17727 
-17449 
-16995 
-16413 
-16383 
-16276 
-15846 
-15363 
-15064 
-14298 
-13476 
-13119 
-13257 
-13268 
-12743 
-11718 
-10566 
-9000 
-7207 
-5833 
-5121 
-4501 
-4139 
-4196 
-4199 
-3741 
-3109 
-2844 
-3140 
-4040 
-5514 
-7200 
-8437 
-8976 
-9054 
-8907 
-8818 
-9248 
-10103 
-10865 
-11169 
-11106 
-11029 
-10930 
-11075 
-11911 
-13132 
-13751 
-13913 
-14039 
-14195 
-14532 
-15323 
-16383 
-17466 
-18153 
-18179 
-17694 
-16999 
-16312 
-15940 
-16048 
-16582 
-17371 
-18009 
-18475 
-18887 
-19421 
-19919 
-20327 
-20451 
-20247 
-19779 
-19461 
-19746 
-20407 
-21339 
-21569 
-20754 
-19186 
-17434 
-15777 
-14950 
-14857 
-15470 
-16026 
-15441 
-13836 
-12176 
-10337 
-8760 
-8501 
-9109 
-9707 
-9964 
-9952 
-9596 
-9378 
-9156 
-8866 
-8282 
-7448 
-6410 
-5467 
-4508 
-3578 
-2722 
-1923 
-1525 
-1781 
-2919 
-4542 
-6356 
-7933 
-9241 
-10026 
-10722 
-11731 
-12792 
-13389 
-13668 
-13686 
-13413 
-13272 
-13634 
-14652 
-16026 
-17684 
-19166 
-20199 
-20552 
-20288 
-19319 
-18045 
-16944 
-16249 
-15976 
-16168 
-16811 
-17785 
-18945 
-19861 
-20454 
-20369 
-19652 
-18587 
-17500 
-16474 
-16109 
-17126 
-18315 
-18971 
-19237 
-19325 
-18629 
-17794 
-17290 
-17315 
-17175 
-16404 
-15441 
-14913 
-14457 
-13988 
-13661 
-12966 
-11965 
-10856 
-10177 
-9928 
-10483 
-11214 
-11395 
-10616 
-8953 
-6739 
-4392 
-2459 
-1247 
-727 
-727 
-983 
-1155 
-1222 
-1454 
-1582 
-1807 
-2603 
-3968 
-5684 
-7599 
-9379 
-11088 
-12584 
-13640 
-14293 
-14896 
-15474 
-15898 
-16107 
-16382 
-16689 
-16740 
-16626 
-16639 
-16571 
-16454 
-16518 
-16736 
-16886 
-16846 
-16422 
-15792 
-15277 
-15380 
-15988 
-16919 
-17813 
-18538 
-18825 
-18978 
-18861 
-18515 
-17771 
-16631 
-15510 
-14877 
-14868 
-15548 
-16923 
-18084 
-18780 
-18946 
-18995 
-18579 
-18191 
-17733 
-17383 
-17260 
-17364 
-17289 
-17210 
-16778 
-15501 
-14004 
-12943 
-12154 
-11855 
-11952 
-11898 
-11462 
-10922 
-9951 
-9056 
-8451 
-7681 
-6824 
-6078 
-5078 
-3733 
-2677 
-1668 
-711 
-123 
-11 
-320 
-1336 
-3000 
-4876 
-6930 
-9087 
-10502 
-11207 
-11784 
-12267 
-12877 
-13960 
-15089 
-15663 
-15879 
-15879 
-16109 
-16714 
-17544 
-18330 
-18624 
-18444 
-17907 
-17277 
-16720 
-16380 
-15995 
-15716 
-15670 
-15842 
-16294 
-17007 
-17806 
-18378 
-18752 
-18643 
-18087 
-17344 
-16663 
-16125 
-15928 
-16157 
-16758 
-17359 
-17806 
-18011 
-17813 
-17269 
-16753 
-16689 
-16830 
-16969 
-16794 
-16391 
-15754 
-15190 
-15011 
-15184 
-15592 
-15950 
-16075 
-15542 
-14808 
-14038 
-13099 
-11774 
-11036 
-10811 
-10362 
-9766 
-9184 
-8025 
-6385 
-4753 
-3126 
-1736 
-658 
103 
315 
141 
-501 
-1539 
-2714 
-3636 
-4581 
-5642 
-6666 
-7852 
-8807 
-9871 
-11101 
-12141 
-12720 
-13527 
-14352 
-15110 
-16203 
-17525 
-18797 
-19522 
-19415 
-18712 
-17827 
-17085 
-16702 
-16870 
-17349 
-17726 
-17819 
-17608 
-17181 
-16837 
-16840 
-16691 
-16553 
-16442 
-16265 
-15909 
-16098 
-16328 
-16518 
-16864 
-17244 
-17318 
-17076 
-16695 
-16522 
-16792 
-17202 
-17911 
-18378 
-18477 
-18282 
-17895 
-17494 
-17331 
-16936 
-16334 
-15773 
-15047 
-14562 
-14483 
-14241 
-13821 
-13613 
-13335 
-12455 
-11843 
-11453 
-11174 
-10495 
-10003 
-9210 
-8290 
-7108 
-6053 
-5203 
-4490 
-3963 
-3672 
-3547 
-3467 
-3312 
-3183 
-3056 
-3027 
-2953 
-2969 
-3301 
-4102 
-5272 
-6799 
-8737 
-10303 
-10993 
-10972 
-10526 
-9887 
-9749 
-10861 
-13306 
-16440 
-19661 
-22545 
-24294 
-24494 
-23441 
-21884 
-20119 
-19009 
-18722 
-19289 
-19779 
-20038 
-19622 
-18926 
-18029 
-17302 
-17074 
-17124 
-17024 
-17213 
-17854 
-18868 
-19247 
-19269 
-18485 
-17416 
-15793 
-14439 
-13500 
-12942 
-12409 
-12411 
-13477 
-14655 
-15789 
-16696 
-16966 
-16560 
-15813 
-15232 
-14903 
-14604 
-14178 
-13639 
-12879 
-12020 
-10769 
-9409 
-8026 
-6972 
-5847 
-5037 
-4388 
-4275 
-3837 
-3311 
-2601 
-1989 
-1636 
-1909 
-2897 
-4700 
-6610 
-7854 
-8300 
-8207 
-8244 
-8426 
-9104 
-10270 
-11475 
-12425 
-13535 
-14696 
-15928 
-17368 
-18515 
-19211 
-19656 
-19925 
-19974 
-19931 
-19833 
-19740 
-19650 
-19486 
-19221 
-18933 
-18644 
-18325 
-18072 
-18139 
-17685 
-17195 
-16611 
-16011 
-15415 
-15569 
-15930 
-16606 
-17454 
-17946 
-18305 
-18214 
-17855 
-17359 
-17071 
-17012 
-17333 
-17584 
-17600 
-17121 
-16134 
-14836 
-13964 
-13322 
-13095 
-13148 
-13198 
-12787 
-12193 
-11527 
-10896 
-10562 
-10427 
-10383 
-10007 
-9226 
-8096 
-6860 
-5711 
-4874 
-4272 
-3717 
-3049 
-2478 
-2142 
-2271 
-3207 
-4952 
-7003 
-9112 
-10926 
-11918 
-12201 
-11975 
-11463 
-10937 
-10543 
-10401 
-10497 
-10969 
-11558 
-12218 
-12566 
-12841 
-13070 
-13492 
-14242 
-15561 
-17007 
-18096 
-18728 
-19110 
-19225 
-19095 
-18908 
-18767 
-18539 
-18277 
-18035 
-18086 
-18169 
-18379 
-18507 
-18711 
-18601 
-18192 
-17527 
-16805 
-16149 
-15934 
-16476 
-17493 
-18506 
-19026 
-19091 
-18622 
-17875 
-17284 
-17361 
-18007 
-18373 
-18057 
-17169 
-16080 
-14790 
-13873 
-13518 
-13443 
-13299 
-13202 
-12733 
-11990 
-11573 
-10893 
-9456 
-7941 
-6624 
-5047 
-4043 
-3507 
-3362 
-3296 
-3146 
-2351 
-1639 
-1367 
-1752 
-2859 
-4524 
-6369 
-7876 
-8636 
-8849 
-8888 
-9110 
-9486 
-10048 
-10482 
-10707 
-11052 
-11579 
-12186 
-12709 
-13222 
-13279 
-13189 
-13201 
-13675 
-14369 
-15114 
-15669 
-16187 
-16711 
-17561 
-18302 
-18765 
-18947 
-18904 
-18630 
-18433 
-18459 
-18420 
-18486 
-18506 
-18508 
-18525 
-18628 
-18456 
-18064 
-17670 
-17230 
-17243 
-17535 
-17744 
-17618 
-17553 
-17338 
-17003 
-16947 
-17104 
-17213 
-17324 
-17474 
-17251 
-17037 
-17053 
-16837 
-16325 
-15744 
-14876 
-13359 
-11610 
-10507 
-10102 
-10186 
-10449 
-10313 
-9206 
-7377 
-5392 
-3854 
-3072 
-2909 
-3023 
-3154 
-3230 
-3623 
-4446 
-5752 
-7199 
-8400 
-9494 
-10192 
-10554 
-10971 
-11414 
-11563 
-12000 
-12542 
-12953 
-13543 
-13830 
-13778 
-13814 
-13687 
-13221 
-12928 
-12548 
-12050 
-11919 
-12186 
-12810 
-13716 
-14798 
-15995 
-17396 
-18676 
-19741 
-20492 
-21056 
-21350 
-21483 
-21063 
-20536 
-19766 
-18729 
-17603 
-16836 
-16125 
-15435 
-14883 
-14492 
-14286 
-14365 
-14840 
-15630 
-16626 
-17876 
-18813 
-19316 
-19319 
-19108 
-18623 
-18034 
-17616 
-17583 
-17525 
-17144 
-16370 
-15137 
-13675 
-12450 
-11946 
-11815 
-11822 
-11671 
-11285 
-10405 
-9535 
-8841 
-8479 
-8029 
-7455 
-6753 
-5887 
-4916 
-4026 
-3278 
-2873 
-2866 
-3336 
-4525 
-6265 
-8058 
-9702 
-10743 
-11195 
-11601 
-12376 
-13379 
-14373 
-14796 
-14669 
-14214 
-13509 
-12895 
-12752 
-13012 
-13449 
-14352 
-15888 
-17762 
-19419 
-20588 
-21058 
-20760 
-19992 
-18765 
-17367 
-16272 
-15766 
-15630 
-15841 
-16449 
-17048 
-17759 
-18190 
-18235 
-17793 
-17054 
-16021 
-15438 
-15570 
-16312 
-17174 
-17640 
-17766 
-17639 
-17059 
-16723 
-16817 
-17029 
-17081 
-17275 
-17469 
-17103 
-16274 
-15517 
-14870 
-14232 
-13773 
-13414 
-13038 
-12719 
-12042 
-11210 
-10745 
-10789 
-10696 
-10557 
-10578 
-10280 
-9097 
-7688 
-6333 
-5007 
-3643 
-2813 
-2433 
-2270 
-2655 
-3390 
-4039 
-4811 
-6094 
-7157 
-7978 
-8659 
-9093 
-9477 
-10126 
-11444 
-12973 
-14311 
-14962 
-15265 
-15309 
-15668 
-16543 
-17755 
-18811 
-19456 
-19667 
-19362 
-18648 
-17795 
-17012 
-16438 
-16140 
-16143 
-16326 
-16436 
-16537 
-16724 
-16753 
-17102 
-17552 
-17752 
-17778 
-17876 
-17467 
-16971 
-16861 
-16785 
-16689 
-16821 
-17355 
-17992 
-18386 
-18634 
-18778 
-18554 
-17729 
-16810 
-16078 
-15485 
-14903 
-14567 
-14395 
-14151 
-13890 
-13772 
-13831 
-13955 
-14148 
-14361 
-14414 
-14171 
-13816 
-13348 
-12453 
-11191 
-9680 
-8401 
-7353 
-6452 
-5817 
-5488 
-5062 
-4358 
-3515 
-2710 
-2166 
-2112 
-2682 
-3770 
-5367 
-6967 
-8207 
-9133 
-9913 
-10227 
-10404 
-10836 
-11068 
-11127 
-11344 
-11704 
-11799 
-11942 
-12470 
-13280 
-13980 
-14900 
-16145 
-17200 
-17743 
-18332 
-18736 
-19033 
-19331 
-19737 
-19915 
-19961 
-20035 
-19593 
-19083 
-18979 
-18867 
-18386 
-18168 
-17828 
-16889 
-16028 
-15468 
-15417 
-15939 
-16692 
-17514 
-18139 
-18469 
-18102 
-17663 
-17298 
-17187 
-17035 
-17189 
-17366 
-17408 
-16990 
-16429 
-15872 
-15176 
-14393 
-13882 
-13402 
-12314 
-11163 
-10257 
-9547 
-8485 
-7996 
-7715 
-6932 
-5833 
-5337 
-4875 
-4327 
-4050 
-4156 
-4525 
-5217 
-6295 
-7560 
-8619 
-9188 
-9468 
-9597 
-9898 
-10553 
-11593 
-12590 
-13301 
-13674 
-13629 
-13531 
-13734 
-14172 
-14730 
-15323 
-15498 
-15415 
-15371 
-15287 
-15250 
-15380 
-15396 
-15310 
-15025 
-14599 
-14196 
-13949 
-13922 
-14039 
-14540 
-15519 
-16584 
-17846 
-19415 
-20836 
-21514 
-21722 
-21280 
-20187 
-18668 
-17183 
-15975 
-15089 
-14597 
-14938 
-15950 
-17010 
-17716 
-18366 
-18710 
-18808 
-18564 
-18444 
-18109 
-17382 
-16903 
-16976 
-16534 
-16374 
-15982 
-14441 
-12490 
-11514 
-11020 
-11231 
-12576 
-13782 
-14004 
-13155 
-11902 
-10146 
-8494 
-7327 
-6427 
-5296 
-4016 
-2837 
-1691 
-631 
16 
208 
-184 
-1180 
-2465 
-3775 
-5364 
-7066 
-8766 
-10408 
-11664 
-12216 
-12423 
-12408 
-12434 
-12497 
-12608 
-12389 
-12063 
-11924 
-12488 
-13727 
-15772 
-18146 
-20202 
-21776 
-22520 
-22041 
-20750 
-19303 
-17802 
-16329 
-15227 
-14442 
-14038 
-13940 
-14064 
-15019 
-16453 
-18041 
-19595 
-21143 
-21636 
-21570 
-21219 
-20714 
-20118 
-19749 
-19764 
-19384 
-18764 
-18555 
-18534 
-18221 
-18380 
-18650 
-18327 
-17704 
-17111 
-15961 
-14646 
-13393 
-12203 
-11050 
-10347 
-9861 
-9649 
-9393 
-8803 
-8171 
-7686 
-7034 
-6226 
-5179 
-3745 
-2066 
-760 
-137 
-319 
-1042 
-2056 
-3138 
-4071 
-5008 
-6047 
-7203 
-8052 
-8855 
-9601 
-10537 
-11600 
-12840 
-14041 
-14997 
-15768 
-16143 
-16148 
-15874 
-15544 
-14995 
-14535 
-14199 
-14163 
-14325 
-14603 
-14964 
-15809 
-16775 
-17609 
-18011 
-18013 
-17607 
-17027 
-16390 
-15914 
-15544 
-15344 
-15354 
-15654 
-16403 
-17418 
-18323 
-18913 
-19139 
-18797 
-18061 
-17198 
-16329 
-15670 
-15388 
-15479 
-15906 
-16822 
-18026 
-18874 
-19091 
-19405 
-19821 
-19839 
-19252 
-18440 
-17256 
-15819 
-14776 
-14496 
-14735 
-14943 
-14722 
-14025 
-13458 
-13273 
-13231 
-13352 
-13672 
-13547 
-12799 
-12243 
-11113 
-9347 
-7715 
-6143 
-4110 
-2735 
-1902 
-1304 
-931 
-607 
-156 
0 
-132 
-738 
-1546 
-2613 
-3991 
-5602 
-6806 
-7629 
-8678 
-10200 
-11952 
-13734 
-15305 
-16077 
-15886 
-15114 
-14655 
-15058 
-15942 
-16841 
-17512 
-17635 
-17505 
-17433 
-17475 
-17608 
-17917 
-17905 
-17557 
-17344 
-17370 
-17714 
-18376 
-18569 
-18827 
-19057 
-18936 
-18525 
-18741 
-18406 
-17516 
-17210 
-17592 
-17630 
-17481 
-17973 
-17695 
-17065 
-17432 
-17616 
-16859 
-18178 
-19580 
-19231 
-18212 
-17843 
-15918 
-13457 
-11879 
-11418 
-11103 
-10477 
-9779 
-8977 
-8228 
-7529 
-7096 
-7021 
-7093 
-6807 
-6029 
-4809 
-3377 
-2420 
-2233 
-2778 
-3684 
-4800 
-5456 
-5575 
-5336 
-5313 
-5991 
-7342 
-8760 
-9735 
-10609 
-11168 
-11347 
-11309 
-11381 
-11923 
-12645 
-13366 
-14341 
-15540 
-16228 
-16681 
-17219 
-17801 
-18361 
-18853 
-18916 
-18703 
-18246 
-17753 
-17224 
-17034 
-17397 
-18367 
-19503 
-20494 
-20773 
-20092 
-18999 
-17586 
-16288 
-15425 
-15091 
-15274 
-15791 
-16183 
-16746 
-17797 
-18602 
-18951 
-18932 
-18476 
-17689 
-16967 
-16585 
-16297 
-16103 
-15709 
-15160 
-14791 
-14689 
-15005 
-15469 
-15547 
-15141 
-14789 
-13901 
-12446 
-11131 
-9865 
-8445 
-7018 
-5787 
-4917 
-4389 
-4033 
-3945 
-4023 
-3995 
-4199 
-4937 
-6187 
-7651 
-9095 
-10211 
-10677 
-10558 
-10195 
-10209 
-10805 
-11448 
-12139 
-12491 
-12349 
-12199 
-12552 
-12870 
-13352 
-13877 
-13963 
-14173 
-14797 
-15664 
-16405 
-16746 
-16361 
-15580 
-14997 
-14812 
-15225 
-16023 
-16950 
-17738 
-18163 
-18278 
-17669 
-17825 
-18037 
-18588 
-18943 
-19646 
-19273 
-18509 
-17232 
-16026 
-14979 
-14440 
-14609 
-15671 
-16742 
-17361 
-17548 
-17443 
-17114 
-17106 
-17544 
-17969 
-17947 
-17355 
-16731 
-16288 
-16187 
-16425 
-16735 
-16471 
-15918 
-14941 
-13750 
-13089 
-12625 
-11846 
-11129 
-10496 
-9173 
-7681 
-6605 
-5676 
-4729 
-3893 
-3409 
-2988 
-2779 
-2845 
-3241 
-4070 
-5110 
-6042 
-6840 
-7401 
-7856 
-8353 
-8786 
-9162 
-9744 
-10220 
-10409 
-10601 
-10987 
-11367 
-11665 
-12231 
-13020 
-13818 
-14626 
-15732 
-17118 
-18638 
-19882 
-20633 
-20692 
-20144 
-19318 
-18606 
-18136 
-17634 
-17020 
-16293 
-15777 
-14997 
-14382 
-14383 
-14727 
-15302 
-16541 
-17885 
-18736 
-19120 
-18868 
-18675 
-18926 
-19335 
-19723 
-19958 
-19309 
-18337 
-17487 
-16938 
-16835 
-17062 
-16883 
-16215 
-15401 
-14884 
-14877 
-14948 
-14994 
-14968 
-14222 
-12889 
-11875 
-11081 
-10468 
-10068 
-9256 
-7934 
-6649 
-5350 
-4081 
-3408 
-3063 
-2695 
-2409 
-2441 
-2541 
-2581 
-2672 
-2661 
-2498 
-2291 
-2407 
-2943 
-4240 
-5878 
-7945 
-10158 
-11716 
-12107 
-11953 
-11507 
-10978 
-11160 
-12313 
-13636 
-15098 
-16774 
-18300 
-19319 
-20184 
-20542 
-20383 
-19872 
-19306 
-18734 
-17950 
-16850 
-15514 
-14175 
-13027 
-12621 
-12791 
-13522 
-14647 
-16204 
-17691 
-19020 
-19908 
-20302 
-19810 
-18904 
-18038 
-17455 
-17730 
-18272 
-18331 
-18099 
-17908 
-17582 
-17587 
-18101 
-18492 
-18593 
-17751 
-16472 
-15390 
-15019 
-14878 
-14682 
-14399 
-14231 
-13302 
-11897 
-11050 
-10812 
-10528 
-10675 
-10603 
-10197 
-9313 
-7967 
-6570 
-5714 
-4954 
-4271 
-3780 
-3062 
-2134 
-1451 
-1290 
-1581 
-2168 
-3316 
-4317 
-4889 
-5233 
-5935 
-6761 
-7498 
-8151 
-8878 
-9848 
-11193 
-13214 
-15357 
-17048 
-17662 
-17035 
-15650 
-14301 
-13260 
-12854 
-13312 
-14114 
-14855 
-15814 
-16628 
-17049 
-16984 
-16617 
-16189 
-16084 
-16227 
-16676 
-17543 
-18283 
-18845 
-19399 
-19853 
-19867 
-19628 
-18975 
-17921 
-16674 
-15549 
-14414 
-13643 
-14007 
-14876 
-15688 
-16591 
-17280 
-16925 
-16336 
-16583 
-17130 
-17835 
-18508 
-18725 
-17965 
-16545 
-15103 
-14162 
-13591 
-13065 
-12567 
-11620 
-10717 
-10040 
-9830 
-10421 
-11250 
-11047 
-10113 
-8644 
-6945 
-5511 
-4718 
-4411 
-4415 
-4040 
-3483 
-3007 
-2826 
-2922 
-3478 
-4342 
-5148 
-5920 
-6751 
-7750 
-8876 
-9987 
-11107 
-12473 
-13868 
-14735 
-15261 
-15246 
-14775 
-14118 
-13617 
-13533 
-13883 
-14203 
-14382 
-14699 
-15190 
-15853 
-16662 
-17557 
-18269 
-18723 
-18954 
-19081 
-19081 
-18970 
-18730 
-17862 
-17603 
-17449 
-17363 
-17035 
-17338 
-16862 
-16241 
-15747 
-15423 
-15601 
-16634 
-17741 
-18483 
-19146 
-19429 
-19236 
-18569 
-18396 
-18415 
-17977 
-17187 
-16497 
-15398 
-14515 
-13919 
-13453 
-13143 
-12755 
-12081 
-11509 
-10935 
-10258 
-9807 
-9488 
-8907 
-8046 
-7399 
-6789 
-5966 
-5276 
-4685 
-4024 
-3264 
-2577 
-2095 
-1924 
-2167 
-2710 
-3721 
-5070 
-6341 
-7237 
-7710 
-7703 
-7570 
-7850 
-8798 
-10223 
-11504 
-12094 
-12139 
-11633 
-11253 
-11500 
-12525 
-13913 
-15541 
-16900 
-17949 
-18507 
-18757 
-18752 
-18583 
-18274 
-18157 
-18194 
-18427 
-18798 
-19174 
-19350 
-19223 
-18937 
-18694 
-18376 
-18275 
-18091 
-17691 
-17289 
-17410 
-17364 
-17409 
-17531 
-18082 
-18247 
-18067 
-17599 
-17167 
-16443 
-15815 
-15706 
-16111 
-16773 
-16670 
-15770 
-14672 
-13952 
-13512 
-13801 
-14271 
-14832 
-14871 
-13927 
-12501 
-11142 
-9304 
-7243 
-5492 
-3927 
-2761 
-2093 
-2109 
-2570 
-3072 
-3612 
-4085 
-4259 
-4449 
-4841 
-5153 
-5434 
-6081 
-6960 
-7889 
-8849 
-9834 
-10258 
-10200 
-10200 
-10653 
-11603 
-12644 
-13782 
-14754 
-15340 
-15419 
-15522 
-15779 
-16574 
-17716 
-18991 
-20026 
-20044 
-18976 
-17442 
-15782 
-14346 
-13992 
-14289 
-14964 
-15723 
-16698 
-17253 
-17795 
-18247 
-18448 
-18277 
-18141 
-17645 
-16899 
-16199 
-16096 
-16125 
-16629 
-17076 
-17376 
-16805 
-16660 
-17000 
-17540 
-18025 
-19116 
-19351 
-18629 
-17949 
-18086 
-17750 
-17275 
-16849 
-15656 
-13932 
-12477 
-11643 
-10884 
-10513 
-9701 
-8663 
-7218 
-5868 
-4969 
-4356 
-3628 
-3146 
-2657 
-2268 
-2554 
-3586 
-5373 
-7620 
-9845 
-11677 
-13230 
-13757 
-13630 
-13406 
-13067 
-13098 
-13869 
-14741 
-15214 
-15366 
-14944 
-14076 
-13557 
-13626 
-14009 
-14208 
-14222 
-13950 
-13463 
-13135 
-13051 
-13188 
-13392 
-13360 
-13213 
-13102 
-13164 
-13405 
-14090 
-14951 
-15906 
-16915 
-17886 
-18582 
-19183 
-19720 
-20119 
-20214 
-19960 
-19256 
-18519 
-17452 
-16322 
-15351 
-15060 
-14839 
-14710 
-14917 
-15745 
-16507 
-16909 
-17201 
-17431 
-17113 
-16750 
-16640 
-16819 
-16457 
-16009 
-15780 
-15499 
-15014 
-14697 
-15107 
-15357 
-15181 
-15295 
-15518 
-14771 
-13614 
-12850 
-11478 
-9721 
-8079 
-6690 
-5333 
-4590 
-4532 
-4735 
-4782 
-4959 
-5098 
-5172 
-5332 
-5921 
-6664 
-7268 
-7573 
-7737 
-7798 
-8150 
-9182 
-10888 
-12531 
-13479 
-13399 
-12543 
-11213 
-10005 
-9472 
-9890 
-10747 
-11827 
-12968 
-13982 
-14798 
-15728 
-16711 
-17872 
-19074 
-19948 
-20117 
-19963 
-19501 
-18887 
-18431 
-18223 
-17849 
-17355 
-16956 
-16391 
-15596 
-15054 
-14604 
-14009 
-13874 
-14214 
-14686 
-15458 
-16268 
-16692 
-16856 
-16927 
-16777 
-16688 
-16938 
-17176 
-17208 
-17165 
-17119 
-16774 
-16584 
-16731 
-17000 
-16896 
-16624 
-16328 
-15783 
-14862 
-14258 
-13668 
-12709 
-11531 
-10255 
-8644 
-7290 
-6444 
-5902 
-5875 
-6374 
-6867 
-7091 
-6996 
-6515 
-5968 
-5780 
-6046 
-6794 
-7896 
-8986 
-9947 
-10564 
-10794 
-10738 
-10689 
-10471 
-10552 
-11343 
-12733 
-13813 
-14604 
-14998 
-14669 
-13750 
-12856 
-12097 
-11551 
-11416 
-11730 
-12424 
-13403 
-14599 
-15714 
-16692 
-17528 
-18306 
-18776 
-19148 
-19399 
-18918 
-18867 
-18717 
-18514 
-18049 
-18049 
-17192 
-16314 
-15395 
-14362 
-13446 
-12780 
-12975 
-13839 
-15157 
-16239 
-17119 
-17237 
-16749 
-16442 
-16481 
-16737 
-17046 
-17118 
-16660 
-16126 
-15390 
-14709 
-14425 
-14734 
-14788 
-14682 
-14274 
-13662 
-12887 
-12299 
-11927 
-11522 
-10589 
-9070 
-7614 
-6318 
-5320 
-4832 
-4991 
-5185 
-5323 
-5350 
-5462 
-5614 
-5654 
-5948 
-6373 
-7141 
-7950 
-8936 
-9608 
-9992 
-9653 
-8892 
-8528 
-9017 
-10288 
-11990 
-13771 
-14708 
-15104 
-15075 
-15098 
-15448 
-16515 
-17558 
-18551 
-19243 
-19339 
-18821 
-17816 
-16587 
-15261 
-14166 
-13422 
-13284 
-13728 
-14610 
-15809 
-17051 
-17890 
-18134 
-18288 
-18333 
-18210 
-17990 
-17751 
-17217 
-16758 
-16636 
-16900 
-17449 
-17973 
-18419 
-18692 
-18418 
-17661 
-17288 
-16719 
-16188 
-16196 
-16336 
-15872 
-14983 
-13440 
-11764 
-10672 
-10660 
-11938 
-13489 
-14555 
-14996 
-14785 
-13301 
-11667 
-10288 
-9115 
-7646 
-6481 
-5546 
-4881 
-4265 
-3925 
-3725 
-3839 
-4138 
-4673 
-5543 
-6784 
-7938 
-8648 
-8925 
-8942 
-9184 
-9691 
-10348 
-10983 
-11325 
-10857 
-10162 
-9663 
-9698 
-10269 
-11463 
-13000 
-14858 
-16862 
-18834 
-20378 
-21248 
-21397 
-20894 
-20239 
-19650 
-19372 
-19369 
-19597 
-19637 
-19189 
-18119 
-16708 
-15147 
-13701 
-12795 
-12481 
-12688 
-13508 
-14711 
-15777 
-16803 
-17730 
-18225 
-18234 
-18064 
-17821 
-17609 
-17110 
-16722 
-16425 
-16044 
-15517 
-15316 
-15122 
-15009 
-14904 
-14490 
-14232 
-14232 
-14131 
-13806 
-13321 
-12117 
-10578 
-9339 
-8150 
-6880 
-6030 
-5298 
-4559 
-4131 
-4224 
-4354 
-4537 
-4914 
-5572 
-6422 
-7206 
-7831 
-8309 
-8639 
-8852 
-9119 
-9690 
-10597 
-11561 
-12245 
-12964 
-13521 
-13614 
-13671 
-13965 
-14169 
-14152 
-14212 
-14380 
-14691 
-15185 
-16002 
-16914 
-17686 
-18412 
-19045 
-19370 
-19308 
-19097 
-18750 
-18521 
-18481 
-18825 
-18889 
-18593 
-17770 
-16606 
-15104 
-13823 
-13193 
-13446 
-14358 
-15341 
-16203 
-16628 
-16713 
-16703 
-16685 
-16804 
-16978 
-17082 
-16942 
-16553 
-16327 
-16825 
-17021 
-16539 
-16223 
-16155 
-15562 
-15253 
-15423 
-15803 
-15280 
-14103 
-12975 
-12107 
-10985 
-10122 
-9553 
-8683 
-8107 
-7772 
-7462 
-7175 
-6765 
-5841 
-4741 
-3843 
-3413 
-3633 
-4344 
-5554 
-7163 
-8570 
-9398 
-9647 
-9781 
-9928 
-10365 
-11434 
-12629 
-13359 
-13458 
-13013 
-12234 
-11756 
-11714 
-12192 
-13293 
-14561 
-15725 
-16851 
-17869 
-18599 
-19227 
-19848 
-20296 
-20503 
-20396 
-20006 
-19358 
-18559 
-17585 
-16727 
-15915 
-15515 
-15259 
-15353 
-15442 
-15686 
-15976 
-16327 
-16576 
-17142 
-17799 
-18229 
-18323 
-18155 
-17584 
-16831 
-15913 
-15381 
-15160 
-14878 
-14754 
-14648 
-14352 
-14015 
-14166 
-14225 
-14267 
-14379 
-14523 
-14249 
-13711 
-13096 
-12491 
-11933 
-11234 
-10596 
-9831 
-9017 
-7956 
-7082 
-6457 
-6033 
-5565 
-5226 
-5017 
-4836 
-4864 
-5231 
-6106 
-7301 
-8769 
-10470 
-12282 
-13409 
-13705 
-13619 
-13120 
-12725 
-12757 
-13014 
-13067 
-13040 
-12689 
-12320 
-12403 
-13195 
-14566 
-16094 
-17604 
-18857 
-19474 
-19616 
-19620 
-19506 
-19336 
-19042 
-18548 
-17688 
-16536 
-16093 
-15931 
-16000 
-16185 
-16476 
-16175 
-15820 
-15525 
-15959 
-16704 
-17218 
-17453 
-18115 
-18236 
-17963 
-17640 
-17537 
-17302 
-17060 
-17242 
-17732 
-17877 
-17535 
-17171 
-16408 
-15406 
-14886 
-14464 
-14071 
-13716 
-13550 
-13060 
-12260 
-11216 
-10620 
-10254 
-9855 
-8993 
-8180 
-7378 
-6608 
-6021 
-5972 
-6083 
-5753 
-5089 
-4941 
-5522 
-6551 
-7893 
-9253 
-9955 
-9723 
-9317 
-9524 
-10444 
-11590 
-12605 
-12948 
-12447 
-11644 
-11276 
-11358 
-11824 
-12457 
-12768 
-12565 
-12734 
-13047 
-13536 
-14295 
-15449 
-16620 
-17818 
-18857 
-19672 
-20247 
-20519 
-20497 
-20244 
-19246 
-18744 
-18150 
-17728 
-17228 
-17221 
-16381 
-15516 
-14749 
-14367 
-14390 
-14801 
-15672 
-16546 
-17179 
-17573 
-18070 
-18514 
-18485 
-18306 
-18138 
-18078 
-17675 
-17293 
-17050 
-16980 
-16554 
-15821 
-15215 
-14840 
-14370 
-13703 
-13012 
-12574 
-11590 
-10257 
-9386 
-9068 
-8097 
-7042 
-6258 
-5316 
-4458 
-4280 
-4407 
-4517 
-4769 
-5057 
-5594 
-6533 
-7436 
-8097 
-8860 
-9552 
-10174 
-10831 
-11453 
-11776 
-12120 
-12760 
-13469 
-14110 
-14433 
-14216 
-13394 
-12912 
-12818 
-13120 
-13975 
-15172 
-16172 
-17085 
-18017 
-18578 
-18851 
-18815 
-18642 
-18392 
-18336 
-18364 
-18663 
-18457 
-18345 
