-23727 
-25786 
-27853 
-28165 
-23377 
-19299 
-16301 
-14293 
-13544 
-16947 
-23144 
-29413 
-24939 
-19848 
-17780 
-17208 
-17800 
-19774 
-19532 
-15328 
-9515 
-6376 
-5998 
-6289 
-7356 
-8111 
-7940 
-7200 
-5548 
-3242 
-684 
-3 
80 
-639 
-1190 
-2846 
-3320 
-4617 
-8129 
-12525 
-14269 
-12096 
-10234 
-11878 
-13505 
-13514 
-13046 
-14357 
-16187 
-16702 
-17873 
-19353 
-19757 
-19592 
-19033 
-18601 
-19143 
-20527 
-22571 
-22171 
-21000 
-20045 
-19721 
-20758 
-20104 
-18340 
-18716 
-21939 
-25742 
-26702 
-26605 
-24500 
-22675 
-20005 
-18926 
-18501 
-16524 
-15472 
-12789 
-9636 
-7663 
-8316 
-6294 
-5040 
-3817 
-5176 
-5991 
-5651 
-3390 
-38 
2475 
4351 
3430 
1666 
-1856 
-5445 
-7822 
-8526 
-8589 
-131 
-3730 
-4700 
-6337 
-4613 
-6091 
-10408 
-17443 
-25380 
-32760 
-32760 
-32760 
-22472 
-16524 
-17073 
-21321 
-25724 
-24009 
-20137 
-16051 
-14821 
-14937 
-16810 
-18156 
-17780 
-17001 
-17281 
-18392 
-23737 
-27652 
-27359 
-23462 
-19361 
-17209 
-16921 
-19121 
-18984 
-16904 
-14087 
-14217 
-12765 
-8596 
-8769 
-8107 
-6944 
-6147 
-4710 
-4068 
-3388 
-3577 
-2795 
-2224 
-2533 
-765 
1131 
79 
-2901 
-5956 
-7883 
-6360 
-1835 
-1253 
-4901 
-8339 
-8837 
-6075 
-6188 
-9937 
-15109 
-20321 
-25273 
-29033 
-29171 
-26735 
-21667 
-19494 
-21721 
-24333 
-24284 
-22668 
-21598 
-20766 
-21700 
-20848 
-17912 
-17283 
-17824 
-19720 
-21894 
-24445 
-27933 
-27380 
-23487 
-20149 
-18278 
-18293 
-18068 
-16220 
-13624 
-10125 
-6344 
-5012 
-4600 
-4816 
-4675 
-3043 
-2929 
-2605 
-2320 
-1434 
379 
2168 
3018 
668 
-3052 
-5125 
-4784 
-2696 
-964 
-1176 
-3431 
-6264 
-11077 
-15938 
-17777 
-16792 
-14251 
-12660 
-13225 
-15246 
-18570 
-21657 
-24321 
-25082 
-24751 
-21586 
-18389 
-16865 
-16613 
-16021 
-20937 
-24525 
-26538 
-25269 
-22464 
-20426 
-17935 
-18109 
-20008 
-24008 
-25285 
-21464 
-19222 
-16509 
-18945 
-21125 
-18523 
-17693 
-17718 
-15521 
-12250 
-10881 
-9987 
-8756 
-6867 
-6011 
-5296 
-2846 
-597 
136 
-199 
-341 
487 
1029 
1754 
871 
-1512 
-4126 
-6541 
-6348 
-4901 
-2921 
-3633 
-5054 
-6832 
-11133 
-18490 
-20867 
-17998 
-15171 
-15019 
-16501 
-19365 
-21613 
-22812 
-21565 
-21192 
-21746 
-25028 
-26728 
-26168 
-23896 
-21218 
-19254 
-16815 
-17028 
-20698 
-24045 
-22459 
-19464 
-20252 
-20233 
-21273 
-20766 
-17435 
-12847 
-11080 
-10625 
-9106 
-7972 
-6474 
-6494 
-4528 
-4841 
-7179 
-7464 
-7701 
-7342 
-5672 
-3021 
-1418 
-711 
-1473 
-6952 
-6597 
-5547 
-6981 
-9032 
-9304 
-9029 
-10144 
-11963 
-15947 
-20237 
-23789 
-25190 
-23201 
-20622 
-20057 
-19308 
-19892 
-19996 
-19140 
-17781 
-16957 
-17542 
-19540 
-23464 
-24340 
-22833 
-24633 
-26063 
-28234 
-26753 
-24376 
-23248 
-24212 
-23043 
-20987 
-16328 
-10249 
-6907 
-4180 
-3322 
-1774 
-737 
292 
455 
-72 
-616 
-1969 
-2297 
-2365 
-2664 
-4473 
-5712 
-6324 
-5474 
-3877 
-6036 
-3910 
-6683 
-10377 
-13245 
-17177 
-20835 
-20838 
-17685 
-14202 
-11894 
-12032 
-14003 
-16739 
-19836 
-21972 
-22502 
-21892 
-21710 
-21378 
-22422 
-24116 
-23559 
-20662 
-17861 
-15934 
-16014 
-16856 
-16841 
-21197 
-23067 
-22012 
-19849 
-18868 
-19813 
-21487 
-21451 
-21685 
-17984 
-16659 
-15452 
-12716 
-10652 
-7492 
-4419 
-3291 
-2847 
-3108 
-3686 
-3008 
-2378 
-1424 
-929 
-474 
-484 
-3523 
-7133 
-9412 
-10652 
-12876 
-6293 
-10934 
-9713 
-11549 
-10121 
-8817 
-12209 
-15182 
-17462 
-18029 
-16885 
-17928 
-19718 
-21142 
-21928 
-21766 
-21675 
-19797 
-19517 
-20158 
-21061 
-22747 
-23843 
-22980 
-20794 
-19637 
-17929 
-17838 
-20913 
-22509 
-22206 
-22083 
-21538 
-22339 
-20467 
-22208 
-21666 
-21516 
-20913 
-15866 
-12072 
-7107 
-2862 
140 
592 
-531 
-1174 
-1620 
51 
-190 
-388 
-513 
-763 
-2366 
-1022 
-776 
-1878 
-3092 
-4293 
-2532 
-4921 
-5825 
-8335 
-9494 
-12630 
-14120 
-13637 
-15978 
-21214 
-25392 
-25313 
-24482 
-22875 
-21963 
-19786 
-18949 
-20029 
-19838 
-20735 
-21787 
-23884 
-24800 
-23495 
-21517 
-19045 
-18131 
-21401 
-24188 
-24657 
-22011 
-19371 
-18101 
-20980 
-20405 
-18062 
-15510 
-15174 
-15808 
-13827 
-10571 
-7217 
-5410 
-3238 
-655 
1597 
2854 
3576 
4502 
3670 
-2096 
-7628 
-8824 
-7850 
-5953 
-3738 
-7388 
-11245 
-10625 
-17403 
-16187 
-13545 
-10677 
-11868 
-11728 
-10817 
-10947 
-12220 
-15782 
-19514 
-25838 
-29427 
-27939 
-23983 
-20153 
-18810 
-19342 
-19902 
-20398 
-19918 
-21153 
-20130 
-18405 
-18294 
-16534 
-16815 
-18476 
-20877 
-21814 
-23721 
-24022 
-22106 
-18532 
-17084 
-18435 
-19728 
-19273 
-17572 
-14029 
-11841 
-11337 
-10020 
-8302 
-6142 
-4845 
-4045 
-3429 
-2721 
-1502 
-513 
109 
823 
-414 
-668 
-982 
-2384 
-5148 
-8311 
-8662 
-12560 
-11299 
-10554 
-9740 
-11068 
-16698 
-19136 
-18474 
-13926 
-10101 
-7747 
-9466 
-11953 
-12835 
-14709 
-18156 
-21213 
-23920 
-25742 
-26312 
-25121 
-23291 
-20661 
-18749 
-18160 
-18499 
-19038 
-19567 
-18376 
-17626 
-17622 
-18621 
-21334 
-23009 
-22451 
-21860 
-20173 
-18953 
-17968 
-17589 
-19556 
-19592 
-16400 
-13873 
-12420 
-11741 
-13549 
-14889 
-11408 
-5925 
-2401 
-769 
1092 
1132 
430 
-684 
-982 
-1064 
-1825 
-3681 
-6445 
-8945 
-10179 
-10737 
-8492 
-10898 
-8421 
-8411 
-7669 
-9215 
-9909 
-10753 
-12109 
-16067 
-20006 
-23800 
-24748 
-23487 
-21550 
-21938 
-21322 
-19480 
-17869 
-16575 
-16784 
-17765 
-20236 
-21914 
-22273 
-22184 
-20467 
-18554 
-17252 
-18105 
-20262 
-20577 
-20512 
-19656 
-18483 
-18358 
-17080 
-15781 
-17980 
-19361 
-20989 
-17678 
-14315 
-11096 
-12244 
-12225 
-10566 
-9012 
-7224 
-5235 
-3166 
-1177 
-741 
-1079 
-1365 
-1596 
-1715 
-2251 
-3013 
-4758 
-7333 
-7619 
-12729 
-12918 
-10971 
-7617 
-8150 
-14830 
-18361 
-17378 
-12421 
-7958 
-5465 
-7608 
-10230 
-12960 
-15690 
-18536 
-22026 
-25150 
-26339 
-27038 
-25818 
-21939 
-19014 
-17012 
-16153 
-17469 
-19219 
-20438 
-19805 
-18314 
-16945 
-15781 
-20794 
-21544 
-22933 
-23021 
-20221 
-17961 
-17524 
-17505 
-18465 
-17260 
-16287 
-15736 
-14593 
-13145 
-9157 
-6784 
-7369 
-8596 
-8144 
-4061 
-1422 
-212 
167 
-1467 
-2815 
-2769 
-4145 
-5232 
-8768 
-8102 
-4126 
-2673 
-3675 
-4822 
-5201 
-6787 
-10089 
-11655 
-12784 
-14562 
-19808 
-24234 
-26969 
-26936 
-24989 
-22456 
-19613 
-18064 
-17341 
-16289 
-15715 
-16378 
-17997 
-19516 
-20937 
-21931 
-22282 
-22311 
-21086 
-19558 
-20797 
-23347 
-23260 
-20677 
-19262 
-19552 
-18617 
-16961 
-14529 
-13654 
-14544 
-15865 
-17541 
-15521 
-12694 
-11025 
-11123 
-10536 
-9305 
-7697 
-6373 
-6336 
-5404 
-5037 
-4193 
-2740 
-1124 
-505 
-1579 
-4144 
-5993 
-6753 
-7113 
-8051 
-9144 
-9980 
-11201 
-11892 
-12479 
-15044 
-17140 
-18285 
-18878 
-17513 
-15854 
-15781 
-16354 
-17144 
-17964 
-18512 
-20809 
-21507 
-22291 
-22377 
-22895 
-21839 
-21675 
-21490 
-20833 
-19752 
-19578 
-19825 
-19248 
-17578 
-17903 
-20598 
-22707 
-22304 
-19461 
-16692 
-16583 
-18954 
-20062 
-19317 
-19083 
-18036 
-15061 
-12421 
-9865 
-7842 
-8411 
-8800 
-7002 
-4372 
-4367 
-3814 
-2376 
-1129 
-90 
366 
83 
-628 
-3195 
-6640 
-8165 
-10996 
-11856 
-13209 
-14493 
-14140 
-11421 
-8661 
-8681 
-11976 
-13487 
-15885 
-16369 
-14882 
-11845 
-11374 
-12577 
-14745 
-17598 
-20188 
-22736 
-25322 
-28489 
-28886 
-25776 
-22866 
-20981 
-20356 
-19700 
-19281 
-18816 
-17492 
-16405 
-15273 
-14741 
-14721 
-15753 
-17357 
-17073 
-19565 
-23900 
-23933 
-20549 
-18426 
-17896 
-17901 
-18648 
-17377 
-16511 
-12781 
-8681 
-7128 
-4972 
-2296 
-603 
-1672 
-3517 
-5090 
-7352 
-10961 
-12104 
-10475 
-7048 
-5072 
-4143 
-5257 
-7417 
-10134 
-11652 
-10478 
-9288 
-9936 
-11417 
-12555 
-11274 
-10159 
-9729 
-10486 
-12125 
-14462 
-15942 
-17521 
-19551 
-21173 
-20962 
-22949 
-22605 
-21976 
-21264 
-21126 
-21884 
-21481 
-23878 
-25208 
-24140 
-23642 
-22673 
-24417 
-25204 
-23677 
-20107 
-17148 
-14353 
-13738 
-14367 
-15145 
-16996 
-16809 
-16213 
-13622 
-9768 
-8584 
-6600 
-5756 
-3385 
-2859 
-3273 
-4464 
-4730 
-4931 
-4884 
-3859 
-3398 
-3829 
-3873 
-5740 
-7498 
-8058 
-8547 
-11195 
-12349 
-11721 
-12719 
-13400 
-13196 
-13789 
-12745 
-10956 
-11766 
-12221 
-11564 
-11699 
-13084 
-16037 
-19222 
-21637 
-22516 
-23493 
-24097 
-24608 
-23572 
-22668 
-22853 
-23198 
-23919 
-23267 
-21174 
-19614 
-21040 
-22977 
-23801 
-23311 
-21106 
-19688 
-19342 
-19177 
-18305 
-17469 
-17827 
-14785 
-13293 
-10637 
-8366 
-7060 
-6417 
-7233 
-6541 
-5595 
-4571 
-3423 
-2621 
-1513 
26 
1892 
807 
-1845 
-3732 
-6241 
-9013 
-10960 
-16835 
-18061 
-15337 
-11080 
-9801 
-11834 
-13817 
-15536 
-15718 
-14987 
-14060 
-13723 
-14148 
-14306 
-15379 
-17398 
-19949 
-21798 
-21899 
-23087 
-23681 
-23332 
-21912 
-20449 
-19480 
-18256 
-17707 
-17432 
-17473 
-17225 
-17610 
-18273 
-19516 
-21624 
-21181 
-22739 
-21569 
-19392 
-17621 
-16065 
-18260 
-20806 
-19734 
-17758 
-15517 
-15837 
-14553 
-13285 
-12345 
-11160 
-11850 
-9919 
-6371 
-3828 
-2759 
-2573 
-1601 
-678 
627 
2372 
3312 
3624 
1094 
-3536 
-8580 
-10388 
-13045 
-11597 
-9467 
-9999 
-13634 
-16447 
-14117 
-11639 
-12314 
-13755 
-12713 
-10157 
-8675 
-10385 
-13629 
-19386 
-25466 
-30432 
-32760 
-30844 
-24851 
-19644 
-17071 
-17415 
-18844 
-20776 
-20795 
-19749 
-18201 
-17550 
-16396 
-16388 
-19722 
-22376 
-22609 
-21579 
-19929 
-19574 
-19956 
-21964 
-21450 
-21226 
-20924 
-20264 
-18771 
-16873 
-14465 
-11701 
-7905 
-3648 
-1309 
1600 
4332 
5165 
5044 
3363 
3030 
2390 
407 
460 
-1961 
-5117 
-9699 
-11828 
-8803 
-3204 
-7531 
-7652 
-9005 
-8904 
-7351 
-6323 
-9667 
-15369 
-21516 
-24513 
-25429 
-26369 
-28113 
-28015 
-26383 
-23059 
-18950 
-16736 
-17828 
-21196 
-23943 
-24425 
-23264 
-19932 
-18250 
-17910 
-18677 
-20753 
-21429 
-21360 
-21726 
-20418 
-20154 
-19794 
-19564 
-18101 
-16896 
-17385 
-18664 
-15981 
-12093 
-9968 
-5486 
-2656 
-987 
-1708 
-1316 
652 
2445 
3453 
2297 
312 
-2124 
-3112 
-5248 
-9209 
-12557 
-13798 
-7796 
-12307 
-11125 
-12382 
-10935 
-8647 
-9056 
-10891 
-11381 
-11884 
-12789 
-14134 
-16803 
-21944 
-25937 
-26782 
-26232 
-23392 
-20454 
-19341 
-17137 
-16824 
-17931 
-19613 
-21040 
-22211 
-21415 
-20921 
-19386 
-19484 
-20605 
-20233 
-19977 
-20996 
-20593 
-18392 
-16947 
-16918 
-19774 
-20176 
-20170 
-19438 
-16560 
-13158 
-10416 
-9700 
-9890 
-9482 
-7673 
-6462 
-5814 
-4563 
-4000 
-3167 
-2351 
-1483 
-1344 
-651 
1096 
-40 
-1331 
-3183 
-4585 
-5385 
-11471 
-13202 
-12932 
-10261 
-7212 
-7590 
-9699 
-13792 
-15250 
-16057 
-15793 
-15252 
-14259 
-15718 
-19091 
-22438 
-24428 
-24095 
-22352 
-20254 
-18117 
-17350 
-17302 
-18066 
-19269 
-20324 
-20916 
-20925 
-20989 
-20246 
-19938 
-20458 
-24331 
-26276 
-23092 
-20655 
-19604 
-18058 
-16996 
-18524 
-18536 
-16206 
-14328 
-12197 
-12148 
-14836 
-16354 
-13745 
-11813 
-9664 
-6609 
-3580 
-943 
679 
317 
887 
1139 
458 
-419 
-4033 
-8504 
-12194 
-14540 
-12036 
-11355 
-9273 
-10245 
-10671 
-10182 
-10208 
-13016 
-16324 
-18103 
-17057 
-15737 
-15717 
-16905 
-19118 
-21782 
-22417 
-22605 
-20504 
-18453 
-19013 
-20325 
-22688 
-24568 
-25212 
-23700 
-21190 
-20310 
-19980 
-20020 
-18902 
-18529 
-19025 
-19844 
-21088 
-21048 
-19405 
-19396 
-17929 
-18214 
-17499 
-16865 
-13667 
-13381 
-13290 
-12609 
-11207 
-9695 
-6299 
-4524 
-2529 
-471 
646 
394 
-2677 
-5709 
-7011 
-7583 
-7663 
-4373 
-6846 
-6170 
-7104 
-9370 
-11757 
-12913 
-12214 
-10468 
-8853 
-7861 
-9041 
-10730 
-11950 
-12391 
-13835 
-16748 
-18424 
-18107 
-17093 
-15937 
-15813 
-16815 
-19034 
-20221 
-19587 
-18143 
-18776 
-19548 
-22522 
-25656 
-28027 
-25872 
-23408 
-20708 
-18366 
-16222 
-16645 
-16342 
-17734 
-18165 
-17940 
-17125 
-18933 
-22132 
-23051 
-21638 
-20424 
-20924 
-19475 
-16465 
-13056 
-11019 
-10517 
-8969 
-9245 
-7826 
-5765 
-3267 
-1751 
-1169 
-1473 
-3037 
-3908 
-3439 
-2720 
-1774 
-1980 
-3597 
-5936 
-6394 
-10268 
-10417 
-8806 
-8857 
-9172 
-13538 
-15947 
-16148 
-14893 
-14154 
-12847 
-13197 
-16285 
-18411 
-19013 
-18394 
-17085 
-17622 
-18581 
-19598 
-20144 
-21318 
-22352 
-22703 
-23377 
-22903 
-23034 
-22518 
-21410 
-20222 
-20133 
-20515 
-20853 
-22224 
-22675 
-22375 
-22140 
-20334 
-19435 
-20648 
-20474 
-17621 
-17322 
-16589 
-15206 
-13483 
-11763 
-9429 
-6417 
-6263 
-5455 
-4176 
-3273 
-911 
589 
579 
224 
-1580 
-3907 
-6584 
-7365 
-4449 
-5717 
-4544 
-4861 
-5840 
-6595 
-9049 
-12032 
-13282 
-12127 
-10300 
-9494 
-10337 
-11343 
-11183 
-12784 
-15388 
-19074 
-20714 
-23452 
-24917 
-26110 
-25265 
-23416 
-21968 
-21057 
-21665 
-23158 
-23835 
-23680 
-22603 
-22360 
-21419 
-19754 
-18724 
-19945 
-20717 
-19676 
-18878 
-17420 
-17358 
-17085 
-19461 
-19537 
-17758 
-15414 
-14134 
-13852 
-14553 
-14043 
-11909 
-9338 
-7393 
-6213 
-4447 
-1706 
-385 
431 
918 
326 
283 
1027 
433 
-904 
-4412 
-6703 
-8267 
-4142 
-10101 
-10811 
-12090 
-10786 
-9477 
-9860 
-11789 
-13889 
-15757 
-17702 
-19305 
-20781 
-21565 
-21078 
-18954 
-16133 
-16173 
-17523 
-18038 
-17812 
-17167 
-17340 
-18592 
-19520 
-19992 
-20497 
-21348 
-23657 
-24303 
-24751 
-22702 
-20488 
-19149 
-19081 
-21916 
-24204 
-24673 
-22141 
-19865 
-18374 
-16900 
-17121 
-16216 
-15985 
-14802 
-11657 
-8592 
-7344 
-7060 
-6708 
-7516 
-7431 
-5902 
-4136 
-3425 
-2937 
-1268 
-30 
-115 
-788 
-1228 
-1523 
-1665 
-4020 
-6765 
-9498 
-11416 
-11606 
-12316 
-10644 
-10850 
-13593 
-17883 
-20042 
-19816 
-18553 
-18473 
-19207 
-18758 
-18117 
-16924 
-16313 
-16366 
-18885 
-20165 
-20378 
-20642 
-21815 
-23300 
-24717 
-24888 
-25363 
-26020 
-24881 
-22989 
-21914 
-20596 
-19386 
-21368 
-21735 
-20853 
-20400 
-18085 
-16448 
-16174 
-15471 
-15774 
-15992 
-14797 
-11891 
-9502 
-8252 
-10893 
-9322 
-5745 
-3328 
-2726 
-3439 
-2709 
-1329 
187 
1524 
1851 
1112 
219 
-1447 
-1886 
-3409 
-5251 
-7584 
-8751 
-8381 
-8808 
-9832 
-11240 
-12085 
-12372 
-15184 
-20154 
-20702 
-18738 
-16136 
-15928 
-16918 
-18041 
-18514 
-19552 
-20402 
-20937 
-20262 
-20378 
-21950 
-22916 
-22243 
-23548 
-25826 
-27026 
-25981 
-23568 
-22293 
-20745 
-19824 
-20341 
-20276 
-19933 
-18665 
-17220 
-18264 
-17905 
-17448 
-18380 
-14670 
-12061 
-10866 
-10974 
-8603 
-5875 
-4197 
-3593 
-4808 
-5909 
-4680 
-2386 
71 
1180 
190 
-657 
-1503 
-2394 
-3857 
-6332 
-8244 
-8875 
-8267 
-6575 
-7451 
-10090 
-13445 
-14542 
-13813 
-14546 
-15488 
-16014 
-17544 
-19677 
-20340 
-20628 
-20709 
-20410 
-20406 
-19843 
-21090 
-22195 
-21856 
-21856 
-20918 
-19883 
-20690 
-21035 
-21309 
-22851 
-24221 
-23788 
-23080 
-22968 
-22433 
-21727 
-21010 
-20056 
-17514 
-18500 
-17216 
-14806 
-14049 
-13926 
-12492 
-11936 
-10070 
-8927 
-6965 
-5078 
-3333 
-2301 
-2026 
-1225 
-143 
211 
-649 
-2361 
-2969 
-3760 
-4400 
-6299 
-8496 
-10326 
-10542 
-9843 
-9436 
-10766 
-13240 
-15662 
-16748 
-16481 
-16853 
-16857 
-17409 
-17453 
-17903 
-19018 
-20321 
-20837 
-21018 
-23071 
-22697 
-21577 
-20735 
-20509 
-21061 
-22328 
-24020 
-23428 
-22309 
-20614 
-18881 
-18942 
-19682 
-21882 
-25604 
-25226 
-21711 
-18336 
-16814 
-17755 
-18953 
-17448 
-16354 
-14502 
-13392 
-11419 
-10756 
-10013 
-9125 
-7489 
-4901 
-3083 
-2319 
-3400 
-2820 
-1888 
-547 
-917 
-1508 
-2058 
-3137 
-3792 
-4387 
-5636 
-7095 
-7867 
-8400 
-8858 
-10118 
-10194 
-9729 
-10577 
-12710 
-15332 
-18569 
-20960 
-22234 
-22517 
-22388 
-21482 
-20745 
-20756 
-21067 
-20540 
-21221 
-21960 
-22331 
-22709 
-23342 
-23094 
-22156 
-21041 
-20592 
-19864 
-19054 
-17863 
-17940 
-18553 
-19042 
-19483 
-19149 
-17819 
-17716 
-17305 
-16520 
-16607 
-15261 
-13886 
-11571 
-10185 
-8225 
-7016 
-6868 
-5290 
-3851 
-3489 
-4504 
-5080 
-5002 
-3152 
-1535 
-3608 
-6543 
-8858 
-10842 
-12383 
-11612 
-10536 
-10600 
-12427 
-15953 
-18021 
-18430 
-18414 
-19208 
-18761 
-18982 
-18621 
-18094 
-18489 
-18886 
-18937 
-20160 
-21577 
-21735 
-20722 
-20694 
-21593 
-22721 
-22989 
-22229 
-20312 
-19587 
-20301 
-20358 
-20306 
-20669 
-21080 
-19949 
-19189 
-17132 
-15638 
-13689 
-11207 
-9053 
-7652 
-6940 
-5649 
-4575 
-3447 
-3035 
-2705 
-2624 
-3795 
-4225 
-5755 
-6862 
-8489 
-9397 
-10190 
-10959 
-11747 
-12320 
-13473 
-15015 
-16459 
-17321 
-18481 
-19681 
-20349 
-21115 
-21533 
-22335 
-23400 
-23497 
-23659 
-24005 
-23995 
-23786 
-23550 
-22739 
-20931 
-20058 
-19022 
-19033 
-20358 
-19865 
-18384 
-17045 
-16581 
-15238 
-16636 
-14381 
-12960 
-11800 
-13089 
-12025 
-9765 
-10000 
-9568 
-8799 
-8157 
-6054 
-2988 
-971 
139 
298 
-1031 
-2520 
-4259 
-5891 
-7797 
-9493 
-9798 
-9859 
-11054 
-14894 
-16605 
-14389 
-10974 
-10814 
-11918 
-12401 
-14005 
-15129 
-17064 
-19220 
-20370 
-21274 
-21682 
-21222 
-21037 
-21089 
-21167 
-24008 
-27140 
-27871 
-25706 
-22251 
-19728 
-17705 
-16432 
-15969 
-15725 
-15489 
-16696 
-18494 
-19624 
-19529 
-19147 
-20681 
-20480 
-18447 
-18064 
-17443 
-17394 
-15338 
-13372 
-13298 
-13925 
-11967 
-9158 
-6102 
-4295 
-3263 
-3171 
-2244 
-3451 
-5409 
-6885 
-7446 
-6001 
-4613 
-5859 
-7444 
-7848 
-7849 
-8132 
-9982 
-12234 
-13788 
-13625 
-11548 
-9562 
-10438 
-11145 
-12144 
-13894 
-16035 
-17310 
-18086 
-18700 
-18766 
-18810 
-19238 
-20470 
-21025 
-20785 
-20896 
-21028 
-20901 
-21075 
-22111 
-23684 
-24062 
-24402 
-22309 
-20466 
-20540 
-20347 
-19440 
-18553 
-18582 
-18284 
-18588 
-18128 
-18224 
-17219 
-15280 
-13202 
-11493 
-10193 
-9587 
-8653 
-8104 
-8202 
-7881 
-7863 
-7523 
-5999 
-5093 
-5580 
-6732 
-7211 
-7737 
-8612 
-10129 
-11873 
-11774 
-10312 
-9036 
-9149 
-10826 
-12502 
-13517 
-14392 
-15112 
-16661 
-17289 
-17918 
-18164 
-17747 
-18653 
-19099 
-19584 
-19640 
-19360 
-19682 
-21540 
-23628 
-24810 
-23373 
-20941 
-19030 
-17562 
-17071 
-16909 
-17668 
-18196 
-18725 
-19960 
-20424 
-18614 
-16540 
-16785 
-17985 
-18284 
-18435 
-17864 
-16301 
-14049 
-13313 
-14150 
-13634 
-10967 
-7817 
-5429 
-3781 
-3540 
-3422 
-2171 
-577 
667 
1471 
867 
-1017 
-2959 
-4630 
-6473 
-7431 
-10472 
-12138 
-11918 
-11639 
-11729 
-12081 
-13761 
-15722 
-16100 
-13873 
-11772 
-11552 
-13040 
-14946 
-17297 
-19711 
-21809 
-23782 
-25091 
-25712 
-25210 
-24574 
-24071 
-22836 
-21434 
-21058 
-21067 
-21038 
-21194 
-21851 
-22520 
-21573 
-20618 
-20934 
-21181 
-19672 
-18943 
-18856 
-18131 
-17020 
-15851 
-14991 
-12070 
-8389 
-6184 
-5349 
-4453 
-4009 
-3656 
-3968 
-4885 
-4770 
-3892 
-2819 
-2143 
-2704 
-6557 
-9253 
-10209 
-11172 
-12447 
-12880 
-12733 
-12102 
-12621 
-14201 
-17718 
-20625 
-21008 
-19197 
-17974 
-17390 
-16592 
-15784 
-15594 
-16182 
-15476 
-15642 
-14482 
-13421 
-12505 
-13138 
-13933 
-15309 
-15610 
-15346 
-15737 
-16168 
-18612 
-20852 
-23155 
-24044 
-24580 
-23663 
-21914 
-19676 
-18568 
-18129 
-18346 
-18187 
-19060 
-18673 
-18594 
-19125 
-19602 
-18970 
-18857 
-18961 
-18252 
-17286 
-15357 
-15320 
-13110 
-10837 
-9894 
-6814 
-2766 
-1416 
-167 
-787 
38 
210 
992 
1966 
556 
-2433 
-5429 
-8024 
-8861 
-6964 
-7752 
-6060 
-9004 
-11281 
-12040 
-11631 
-11621 
-14804 
-17967 
-21204 
-22444 
-24294 
-25031 
-24721 
-23925 
-23693 
-23777 
-23188 
-23271 
-23412 
-23436 
-23541 
-22607 
-20878 
-21214 
-21604 
-22456 
-22489 
-22304 
-20929 
-20040 
-19375 
-18525 
-19113 
-16917 
-15091 
-11865 
-11043 
-8900 
-7241 
-5757 
-3787 
-2649 
-2123 
-2724 
-2627 
-2408 
-2554 
-3439 
-4792 
-6474 
-9763 
-10538 
-11059 
-12166 
-14093 
-15817 
-15448 
-14314 
-12571 
-10762 
-10161 
-10518 
-12093 
-13277 
-13962 
-13856 
-13808 
-14222 
-15642 
-17120 
-18669 
-19745 
-20097 
-20580 
-19651 
-19029 
-19300 
-20070 
-21064 
-21504 
-22725 
-23539 
-23484 
-21852 
-19696 
-17723 
-17461 
-17124 
-14955 
-16200 
-18183 
-17780 
-15898 
-19285 
-20762 
-18015 
-15217 
-13932 
-12800 
-13100 
-15043 
-15737 
-15180 
-13687 
-11841 
-9776 
-7780 
-6256 
-4822 
-4465 
-3750 
-3702 
-3913 
-4459 
-4888 
-5640 
-7137 
-9213 
-10344 
-10915 
-11016 
-11644 
-11456 
-11518 
-12488 
-14798 
-17061 
-17678 
-17484 
-17169 
-17730 
-18036 
-18490 
-19386 
-20718 
-21110 
-21475 
-22007 
-22280 
-22796 
-22649 
-22921 
-23347 
-23406 
-22762 
-21529 
-20314 
-20792 
-20350 
-19208 
-18214 
-18682 
-17596 
-17433 
-17935 
-17741 
-15658 
-13403 
-12679 
-14278 
-16262 
-15178 
-10691 
-6577 
-4429 
-1456 
567 
1899 
2151 
1329 
498 
-408 
-2649 
-5366 
-8908 
-9373 
-12380 
-10993 
-10581 
-9980 
-9693 
-12197 
-13926 
-15121 
-15087 
-13855 
-12934 
-13604 
-13649 
-14473 
-16211 
-17761 
-19793 
-21764 
-22715 
-22222 
-21144 
-20626 
-21572 
-20731 
-21909 
-23125 
-23624 
-23548 
-21532 
-19617 
-18520 
-18840 
-20064 
-21475 
-21264 
-18933 
-16879 
-16877 
-16377 
-16278 
-17792 
-17136 
-16262 
-16407 
-16629 
-14796 
-12793 
-11416 
-9957 
-8812 
-7583 
-6495 
-5330 
-4171 
-2960 
-2897 
-2824 
-2863 
-4361 
-5153 
-5539 
-6805 
-7377 
-8601 
-10065 
-10726 
-10666 
-10411 
-10870 
-11652 
-12787 
-14011 
-15151 
-16270 
-16240 
-15860 
-15970 
-16934 
-17921 
-18538 
-18694 
-19062 
-18784 
-18590 
-19365 
-20673 
-22267 
-24004 
-25355 
-25498 
-24815 
-21904 
-19326 
-17120 
-15346 
-15029 
-15149 
-15372 
-16867 
-17071 
-16870 
-17029 
-19217 
-18922 
-17306 
-16451 
-16281 
-16098 
-15011 
-13998 
-11849 
-9597 
-7977 
-7363 
-9038 
-9717 
-8838 
-6512 
-4804 
-4745 
-5712 
-6768 
-7437 
-8256 
-9464 
-9649 
-9020 
-8553 
-9202 
-10305 
-12158 
-13012 
-13363 
-14306 
-15421 
-15809 
-15930 
-16860 
-18600 
-19820 
-19878 
-20410 
-20762 
-21640 
-21112 
-19801 
-19133 
-19001 
-19309 
-19730 
-19152 
-18304 
-17596 
-17497 
-17424 
-16378 
-15530 
-14738 
-14387 
-14696 
-14664 
-15019 
-15286 
-15842 
-15336 
-13742 
-12305 
-10818 
-9520 
-8661 
-8628 
-8849 
-9567 
-9874 
-10637 
-11265 
-11979 
-12673 
-13985 
-15111 
-16411 
-17393 
-18273 
-18108 
-18304 
-17774 
-17539 
-17733 
-17961 
-17546 
-17340 
-17085 
-16254 
-15400 
-14621 
-14349 
-14589 
-14184 
-14768 
-16186 
-16732 
-15995 
-15392 
-15082 
-13443 
-11944 
-10016 
-8821 
-8356 
-8452 
-9338 
-9995 
-10724 
-11211 
-11447 
-11616 
-12225 
-13493 
-14724 
-16237 
-18439 
-20120 
-23208 
-26316 
-29690 
-30071 
-28883 
-26715 
-22909 
-19715 
-18611 
-21327 
-20565 
-18814 
-17109 
-15922 
-14845 
-13611 
-13433 
-12542 
-11275 
-8675 
-5671 
-4453 
-3431 
-2769 
-1840 
-1245 
-648 
-820 
-462 
150 
-662 
-2796 
-5832 
-8307 
-10077 
-10995 
-11300 
-11655 
-11461 
-12572 
-13562 
-14482 
-14315 
-13745 
-15097 
-18344 
-20769 
-19821 
-16722 
-15405 
-14846 
-15363 
-15964 
-17065 
-20246 
-22182 
-23816 
-24810 
-25611 
-25817 
-24064 
-22518 
-20395 
-18763 
-17714 
-18657 
-20505 
-22083 
-22836 
-23624 
-22272 
-20653 
-20896 
-21030 
-20242 
-19251 
-16912 
-15210 
-13200 
-10428 
-8196 
-5872 
-4209 
-3637 
-3780 
-3690 
-3502 
-2666 
-2177 
-2317 
-2175 
-1072 
-1424 
-2827 
