-254 
-948 
-2966 
-6653 
-11723 
-17177 
-21898 
-25263 
-26947 
-27498 
-27681 
-27598 
-27311 
-26326 
-24574 
-22187 
-19893 
-18112 
-16771 
-16281 
-16190 
-16199 
-16209 
-16235 
-16328 
-16611 
-17122 
-17399 
-17224 
-16798 
-16456 
-16311 
-16231 
-16143 
-15917 
-15361 
-14285 
-12445 
-10074 
-7959 
-6596 
-5858 
-5579 
-5474 
-5382 
-5221 
-4872 
-4346 
-3814 
-3482 
-3487 
-4011 
-4481 
-4679 
-4765 
-4863 
-5085 
-5633 
-6508 
-8176 
-10964 
-14111 
-16384 
-17502 
-17922 
-18090 
-18246 
-18614 
-19690 
-21818 
-24636 
-26361 
-26328 
-25495 
-24800 
-24486 
-24360 
-24253 
-24052 
-23506 
-22086 
-19401 
-17033 
-16001 
-15968 
-16143 
-16250 
-16291 
-16325 
-16352 
-16246 
-16049 
-15396 
-14426 
-13060 
-11738 
-11104 
-10840 
-10723 
-10577 
-10200 
-9176 
-7399 
-6159 
-5169 
-4296 
-3628 
-3088 
-2931 
-2886 
-2846 
-2702 
-2398 
-2368 
-2627 
-3396 
-4588 
-5622 
-6457 
-6836 
-7016 
-7239 
-7932 
-10051 
-13781 
-18271 
-22189 
-25204 
-27355 
-28281 
-28485 
-28506 
-28471 
-28271 
-27360 
-25396 
-22453 
-19613 
-17715 
-16577 
-16003 
-15834 
-15809 
-15824 
-15952 
-16404 
-17160 
-18069 
-18520 
-18192 
-17570 
-17223 
-17048 
-16958 
-16849 
-16474 
-15338 
-13313 
-10864 
-8581 
-6879 
-5732 
-5080 
-4857 
-4769 
-4698 
-4616 
-4664 
-5096 
-5649 
-6208 
-6777 
-7279 
-7638 
-7836 
-7963 
-8103 
-8421 
-9120 
-10287 
-12265 
-14901 
-17222 
-19150 
-20296 
-20731 
-20838 
-20900 
-21034 
-21339 
-21548 
-21245 
-20413 
-19689 
-18844 
-18189 
-17991 
-17960 
-17937 
-17924 
-18037 
-18060 
-18396 
-19504 
-20534 
-21209 
-21436 
-21382 
-21303 
-21220 
-20922 
-19892 
-18140 
-15417 
-11619 
-7807 
-4985 
-3650 
-3212 
-3087 
-2998 
-2857 
-2626 
-2413 
-2487 
-2776 
-3525 
-4366 
-4765 
-4888 
-4916 
-4947 
-5017 
-5349 
-6069 
-7020 
-8230 
-9471 
-10473 
-11309 
-11767 
-11975 
-12161 
-12555 
-13383 
-14832 
-17343 
-20420 
-22886 
-24275 
-24640 
-24615 
-24575 
-24518 
-24367 
-24033 
-23501 
-21899 
-19364 
-16984 
-15590 
-14983 
-14822 
-14776 
-14740 
-14660 
-14421 
-14176 
-14681 
-16152 
-18078 
-19247 
-19769 
-19847 
-19883 
-19913 
-19960 
-20127 
-19816 
-18050 
-15177 
-12178 
-9780 
-8455 
-8008 
-7806 
-7620 
-7242 
-6228 
-4604 
-3292 
-2617 
-2084 
-1973 
-1983 
-1908 
-1922 
-1955 
-2130 
-2887 
-4594 
-6908 
-9534 
-12470 
-15033 
-16562 
-17318 
-17608 
-17887 
-18437 
-19483 
-21062 
-23153 
-24774 
-24908 
-24219 
-23635 
-23314 
-23160 
-22997 
-22581 
-21775 
-20731 
-19173 
-17241 
-15949 
-15861 
-16212 
-16367 
-16415 
-16452 
-16580 
-16748 
-16866 
-16924 
-17161 
-17323 
-16803 
-16217 
-15993 
-15906 
-15838 
-15623 
-14835 
-13117 
-10770 
-8415 
-6639 
-5571 
-5006 
-4801 
-4731 
-4658 
-4537 
-4478 
-4452 
-4476 
-4373 
-4235 
-4135 
-4131 
-4173 
-4210 
-4277 
-4450 
-4987 
-6586 
-9988 
-14758 
-19529 
-22916 
-24584 
-25154 
-25374 
-25564 
-25975 
-26675 
-26847 
-25600 
-23023 
-19878 
-17600 
-16595 
-16305 
-16184 
-16066 
-15810 
-15336 
-15021 
-15527 
-17397 
-18988 
-19531 
-19518 
-19424 
-19376 
-19337 
-19226 
-18879 
-18228 
-16511 
-13671 
-11466 
-10394 
-9961 
-9800 
-9731 
-9641 
-9423 
-8940 
-8074 
-7005 
-5662 
-4568 
-4103 
-3994 
-3981 
-3980 
-3992 
-4040 
-4218 
-4529 
-5210 
-6375 
-8057 
-9411 
-10167 
-10497 
-10662 
-10841 
-11316 
-12777 
-15613 
-19377 
-23048 
-25343 
-26320 
-26607 
-26587 
-26525 
-26437 
-26164 
-25194 
-23561 
-21382 
-19446 
-18496 
-17963 
-17723 
-17713 
-17742 
-17790 
-17917 
-18125 
-17831 
-17201 
-16077 
-14333 
-13129 
-12585 
-12400 
-12317 
-12229 
-12017 
-11520 
-10885 
-10036 
-9085 
-8506 
-8225 
-8059 
-7949 
-7897 
-7830 
-7656 
-7235 
-6660 
-6295 
-6065 
-5777 
-5576 
-5540 
-5594 
-5650 
-5730 
-5958 
-6653 
-7985 
-9898 
-12585 
-15432 
-17559 
-18668 
-19049 
-19179 
-19295 
-19569 
-20277 
-21462 
-22759 
-23160 
-22583 
-21890 
-21388 
-21187 
-21092 
-21027 
-20954 
-20701 
-19720 
-18349 
-17501 
-17274 
-17649 
-17835 
-17872 
-17878 
-17836 
-17657 
-17219 
-16736 
-16431 
-16096 
-15538 
-14588 
-14103 
-13939 
-13880 
-13847 
-13738 
-13379 
-12607 
-10985 
-8739 
-6780 
-5481 
-4853 
-4648 
-4582 
-4511 
-4327 
-3812 
-2985 
-1847 
-1065 
-906 
-1123 
-1445 
-1641 
-1756 
-1917 
-2417 
-4141 
-7685 
-12991 
-18810 
-23308 
-26043 
-27458 
-27924 
-28046 
-28091 
-28036 
-27388 
-25845 
-23189 
-20167 
-17863 
-16593 
-16049 
-15823 
-15758 
-15705 
-15614 
-15576 
-15878 
-17054 
-18033 
-18566 
-18516 
-18084 
-17917 
-17845 
-17790 
-17669 
-17186 
-15905 
-13686 
-11641 
-10026 
-9172 
-8813 
-8665 
-8593 
-8528 
-8369 
-8064 
-7570 
-6919 
-6174 
-5755 
-5492 
-5403 
-5355 
-5345 
-5339 
-5357 
-5385 
-5658 
-6601 
-8002 
-9461 
-10718 
-11600 
-12106 
-12335 
-12557 
-13073 
-14515 
-16937 
-19824 
-22233 
-23606 
-24038 
-23905 
-23676 
-23551 
-23423 
-23132 
-22345 
-21024 
-19181 
-17782 
-17334 
-17292 
-17375 
-17429 
-17465 
-17501 
-17592 
-17798 
-17780 
-17579 
-17421 
-16627 
-15919 
-15493 
-15341 
-15273 
-15191 
-14974 
-14507 
-13984 
-13362 
-12077 
-10988 
-10266 
-9846 
-9655 
-9576 
-9494 
-9263 
-8611 
-7561 
-6465 
-5920 
-5821 
-5869 
-6068 
-6218 
-6293 
-6392 
-6678 
-7262 
-8113 
-9265 
-10579 
-12086 
-13772 
-14802 
-15203 
-15369 
-15524 
-15858 
-16800 
-18704 
-20815 
-22091 
-22195 
-21371 
-20617 
-20282 
-20137 
-20000 
-19868 
-19681 
-19035 
-18274 
-18219 
-18820 
-19551 
-19909 
-20051 
-20102 
-20135 
-20016 
-19523 
-18888 
-17693 
-16053 
-14190 
-12685 
-12011 
-11677 
-11541 
-11432 
-11228 
-10723 
-9806 
-8692 
-7224 
-5959 
-5137 
-4729 
-4676 
-4668 
-4662 
-4640 
-4722 
-4745 
-4733 
-5026 
-5884 
-6932 
-7589 
-7896 
-8078 
-8291 
-8781 
-9994 
-12425 
-16112 
-20462 
-24082 
-26125 
-26891 
-27008 
-26952 
-26826 
-26516 
-25847 
-24605 
-22720 
-20009 
-18066 
-17075 
-16733 
-16710 
-16719 
-16746 
-16839 
-16879 
-16968 
-16949 
-17315 
-16973 
-16099 
-15664 
-15484 
-15443 
-15423 
-15293 
-14842 
-14016 
-13012 
-11781 
-10562 
-9840 
-9483 
-9352 
-9277 
-9168 
-8942 
-8394 
-7239 
-5885 
-4852 
-4292 
-4072 
-3888 
-3817 
-3812 
-3848 
-3947 
-4339 
-5239 
-7139 
-9889 
-12906 
-15700 
-17320 
-17899 
-18114 
-18322 
-18852 
-20149 
-22093 
-23841 
-24312 
-23476 
-22037 
-21056 
-20702 
-20578 
-20464 
-20185 
-19539 
-18787 
-18150 
-17744 
-18159 
-18719 
-18979 
-19034 
-19024 
-19027 
-19038 
-19118 
-18990 
-18202 
-16980 
-15015 
-13634 
-13033 
-12931 
-12901 
-12818 
-12522 
-11631 
-10051 
-8558 
-7304 
-6560 
-5840 
-5498 
-5342 
-5298 
-5277 
-5288 
-5322 
-5507 
-5374 
-5210 
-5378 
-5894 
-6360 
-6571 
-6674 
-6817 
-7291 
-8734 
-11530 
-15604 
-20108 
-23806 
-26019 
-26950 
-27295 
-27377 
-27348 
-27062 
-26064 
-24205 
-21700 
-19357 
-17734 
-17139 
-16812 
-16574 
-16492 
-16492 
-16606 
-17016 
-17432 
-17867 
-17651 
-16828 
-15895 
-15432 
-15363 
-15359 
-15302 
-15084 
-14298 
-13218 
-12117 
-11196 
-10746 
-10117 
-9719 
-9508 
-9413 
-9354 
-9226 
-9072 
-8737 
-8053 
-7420 
-7043 
-7052 
-7097 
-7163 
-7213 
-7261 
-7381 
-7540 
-7878 
-8737 
-10615 
-12755 
-14308 
-15407 
-15870 
-16046 
-16221 
-16621 
-17632 
-19265 
-20683 
-21031 
-20632 
-19953 
-19298 
-19010 
-18882 
-18767 
-18603 
-18270 
-17915 
-18042 
-18051 
-17668 
-18317 
-19046 
-19109 
-19071 
-19021 
-18926 
-18761 
-17789 
-15876 
-14056 
-12651 
-10986 
-9665 
-9281 
-9170 
-9055 
-8702 
-7789 
-6640 
-5511 
-4994 
-4975 
-5182 
-5384 
-5488 
-5543 
-5621 
-5825 
-6410 
-7471 
-8690 
-9455 
-10229 
-10931 
-11564 
-11886 
-12044 
-12209 
-12598 
-13591 
-15469 
-18393 
-21360 
-23441 
-24406 
-24535 
-24488 
-24440 
-24369 
-24211 
-23844 
-23219 
-21937 
-20526 
-19567 
-19079 
-19044 
-19045 
-19033 
-19022 
-18935 
-18607 
-17817 
-16632 
-15367 
-14258 
-13468 
-12890 
-12687 
-12629 
-12582 
-12495 
-12228 
-11433 
-10183 
-8855 
-7534 
-6550 
-6048 
-5882 
-5821 
-5764 
-5634 
-5320 
-5008 
-4896 
-4884 
-5211 
-5623 
-5921 
-6049 
-6149 
-6277 
-6678 
-7865 
-10103 
-13568 
-17946 
-21966 
-24705 
-26001 
-26403 
-26492 
-26512 
-26417 
-25947 
-25008 
-23273 
-20645 
-18000 
-16173 
-15374 
-15143 
-15064 
-15021 
-14977 
-15058 
-15463 
-16063 
-17140 
-18296 
-18804 
-18991 
-19044 
-19062 
-19063 
-19058 
-18904 
-18027 
-16402 
-14093 
-11638 
-10101 
-9247 
-8898 
-8751 
-8611 
-8282 
-7454 
-6220 
-4994 
-4266 
-4070 
-4121 
-4154 
-4191 
-4237 
-4312 
-4504 
-5002 
-5945 
-7394 
-9168 
-10861 
-12238 
-13190 
-13576 
-13731 
-13881 
-14257 
-15254 
-17069 
-19259 
-21120 
-22447 
-23068 
-23163 
-23104 
-23036 
-22953 
-22750 
-22344 
-21590 
-20438 
-19211 
-18053 
-17291 
-16975 
-16923 
-16934 
-16933 
-16965 
-16753 
-16446 
-17039 
-17020 
-16125 
-16265 
-16563 
-16496 
-16384 
-16298 
-16061 
-15383 
-14038 
-10745 
-7713 
-5947 
-4047 
-2816 
-2551 
-2545 
-2548 
-2580 
-2988 
-3714 
-5030 
-6171 
-6860 
-7180 
-7378 
-7446 
-7453 
-7446 
-7435 
-7563 
-8540 
-10921 
-15090 
-19561 
-22962 
-24795 
-25453 
-25688 
-25872 
-26154 
-26471 
-26191 
-24751 
-22005 
-19169 
-16719 
-15560 
-15197 
-15039 
-14926 
-14824 
-14656 
-15414 
-17770 
-19492 
-20343 
-21116 
-21130 
-21007 
-20996 
-20985 
-20896 
-20511 
-18678 
-15036 
-11677 
-9322 
-7847 
-7398 
-7372 
-7365 
-7332 
-7157 
-6763 
-6161 
-5199 
-4445 
-3970 
-3610 
-3369 
-3217 
-3139 
-3077 
-3014 
-3047 
-3535 
-4716 
-6165 
-7778 
-9273 
-10173 
-10584 
-10834 
-11107 
-11794 
-13501 
-16267 
-19506 
-22250 
-23984 
-24517 
-24421 
-24263 
-24115 
-23937 
-23488 
-22593 
-21261 
-20034 
-19082 
-18132 
-17615 
-17602 
-17683 
-17723 
-17765 
-17825 
-17639 
-17278 
-16716 
-16496 
-16562 
-16579 
-16326 
-16155 
-16077 
-16002 
-15803 
-15269 
-14022 
-11763 
-8818 
-6163 
-4383 
-3610 
-3385 
-3331 
-3315 
-3351 
-3674 
-4312 
-5227 
-6164 
-7003 
-7951 
-8612 
-8834 
-8883 
-8896 
-8924 
-9109 
-9952 
-12551 
-16215 
-19411 
-21226 
-22008 
-22314 
-22461 
-22613 
-22936 
-23490 
-23930 
-23145 
-21674 
-20409 
-19555 
-19194 
-19015 
-18921 
-18846 
-18697 
-18356 
-17762 
-16815 
-16112 
-16490 
-16599 
-16290 
-16266 
-16282 
-16258 
-16173 
-15889 
-15322 
-15070 
-14550 
-13263 
-12422 
-12184 
-11988 
-11902 
-11839 
-11708 
-11413 
-10897 
-9742 
-8241 
-6867 
-6283 
-6099 
-6044 
-6001 
-5949 
-5802 
-5634 
-5938 
-7099 
-8940 
-10873 
-12536 
-13563 
-14018 
-14240 
-14493 
-15143 
-16729 
-18776 
-20609 
-21757 
-22110 
-21681 
-21163 
-20875 
-20729 
-20579 
-20210 
-19196 
-17675 
-16554 
-17754 
-19005 
-19203 
-19174 
-19166 
-19161 
-19185 
-19501 
-20172 
-20653 
-19866 
-16694 
-14361 
-13870 
-14032 
-14121 
-14139 
-14085 
-13754 
-13150 
-12673 
-12834 
-13301 
-13325 
-12913 
-12423 
-12231 
-12166 
-12113 
-11900 
-11203 
-10014 
-8888 
-8648 
-8893 
-9019 
-9066 
-9062 
-9065 
-9083 
-9170 
-9474 
-10099 
-10724 
-11291 
-12198 
-13427 
-14302 
-14674 
-14836 
-14997 
-15401 
-16508 
-18476 
-20563 
-21518 
-21391 
-20878 
-20485 
-20320 
-20237 
-20146 
-20012 
-19797 
-18930 
-18552 
-18634 
-18289 
-17875 
-18239 
-18384 
-18401 
-18374 
-18289 
-18072 
-17987 
-17623 
-16876 
-15962 
-15260 
-14456 
-14158 
-14080 
-14032 
-13759 
-12752 
-10966 
-8494 
-6186 
-4901 
-4391 
-4163 
-4128 
-4128 
-4143 
-4204 
-4371 
-4729 
-5308 
-6410 
-7842 
-8862 
-9214 
-9313 
-9372 
-9471 
-9826 
-11017 
-13644 
-17350 
-20794 
-23217 
-24668 
-25510 
-25839 
-25922 
-25937 
-25831 
-25244 
-23643 
-20980 
-18315 
-16922 
-16060 
-15442 
-15194 
-15123 
-15096 
-15098 
-15231 
-15852 
-17468 
-18848 
-18573 
-18330 
-18197 
-18131 
-18107 
-18041 
-17846 
-17122 
-15400 
-12532 
-9911 
-8411 
-7181 
-6490 
-6205 
-6085 
-5995 
-5818 
-5692 
-5893 
-6212 
-6124 
-5714 
-5602 
-5843 
-6000 
-6077 
-6161 
-6335 
-6704 
-7419 
-9084 
-12006 
-15112 
-17494 
-18763 
-19231 
-19408 
-19579 
-19987 
-20943 
-22185 
-22684 
-21974 
-20612 
-19312 
-18411 
-18034 
-17887 
-17775 
-17507 
-16737 
-16274 
-17795 
-19716 
-20693 
-20944 
-21271 
-21423 
-21492 
-21500 
-21514 
-21580 
-20767 
-17592 
-14205 
-12460 
-11744 
-11217 
-10983 
-10870 
-10784 
-10584 
-10107 
-9287 
-8403 
-7468 
-6344 
-5632 
-5348 
-5243 
-5192 
-5136 
-5006 
-4837 
-4997 
-5631 
-6404 
-7629 
-8828 
-9624 
-10001 
-10178 
-10360 
-10828 
-12074 
-15005 
-19148 
-23025 
-25318 
-26198 
-26342 
-26319 
-26288 
-26247 
-26103 
-25555 
-23470 
-20410 
-18106 
-17377 
-17400 
-17541 
-17572 
-17588 
-17610 
-17686 
-17883 
-18160 
-17891 
-17649 
-16977 
-16214 
-15424 
-15088 
-14958 
-14827 
-14472 
-13551 
-12161 
-10782 
-8446 
-6150 
-4606 
-4088 
-3997 
-3973 
-3967 
-3998 
-4111 
-4215 
-4144 
-4550 
-5766 
-7237 
-8122 
-8397 
-8486 
-8558 
-8729 
-9320 
-10738 
-13155 
-15984 
-17878 
-18868 
-19445 
-19684 
-19793 
-19903 
-20178 
-20766 
-21505 
-21828 
-21310 
-20334 
-19392 
-18825 
-18652 
-18578 
-18502 
-18360 
-18131 
-18016 
-18316 
-19409 
-20636 
-21441 
-21839 
-21919 
-21903 
-21875 
-21649 
-20831 
-19165 
-16238 
-11944 
-8142 
-5575 
-4340 
-3962 
-3865 
-3777 
-3660 
-3532 
-3470 
-3998 
-5130 
-6844 
-8053 
-8564 
-8725 
-8785 
-8856 
-9017 
-9366 
-9869 
-10837 
-12898 
-14750 
-16160 
-17007 
-17345 
-17486 
-17624 
-17963 
-18755 
-19888 
-20856 
-20944 
-20171 
-19309 
-18726 
-18463 
-18354 
-18265 
-18078 
-17619 
-17380 
-18006 
-18560 
-18771 
-19119 
-19359 
-19574 
-19657 
-19700 
-19731 
-19668 
-19096 
-17691 
-16309 
-15261 
-14182 
-13411 
-12991 
-12823 
-12677 
-12353 
-11631 
-10281 
-8182 
-6145 
-4765 
-4428 
-4468 
-4503 
-4514 
-4514 
-4533 
-4646 
-5099 
-6227 
-7781 
-9411 
-10495 
-11179 
-11494 
-11647 
-11844 
-12424 
-13955 
-16617 
-19858 
-22687 
-24558 
-25305 
-25392 
-25289 
-25206 
-25071 
-24629 
-23483 
-21514 
-18920 
-16289 
-16045 
-17238 
-17879 
-18009 
-18047 
-18117 
-18311 
-18696 
-18627 
-18308 
-18215 
-16454 
-14352 
-13445 
-13244 
-13177 
-13086 
-12877 
-12324 
-11592 
-10367 
-8756 
-7056 
-5501 
-4483 
-4170 
-4083 
-4018 
-3854 
-3677 
-3896 
-4758 
-5938 
-7424 
-8967 
-10418 
-11018 
-11256 
-11475 
-11952 
-13085 
-15123 
-17739 
-20435 
-22377 
-23232 
-23017 
-22809 
-22697 
-22573 
-22305 
-21581 
-20282 
-19142 
-18766 
-18621 
-18617 
-18748 
-18873 
-18939 
-19014 
-19194 
-19664 
-20222 
-19635 
-18275 
-16996 
-16108 
-15578 
-15348 
-15254 
-15141 
-14800 
-13843 
-12153 
-10625 
-8707 
-7004 
-5823 
-5249 
-5056 
-4979 
-4922 
-4903 
-4990 
-5170 
-5261 
-6022 
-7355 
-8761 
-9688 
-10098 
-10285 
-10503 
-10988 
-12156 
-14358 
-17584 
-20706 
-22830 
-23649 
-23800 
-23723 
-23665 
-23568 
-23279 
-22509 
-21017 
-18875 
-16740 
-15461 
-14939 
-14728 
-14726 
-14747 
-14819 
-15095 
-15555 
-16047 
-16932 
-18513 
-19581 
-20041 
-20027 
-19893 
-19823 
-19726 
-19412 
-18816 
-17820 
-15787 
-12343 
-8740 
-6456 
-5708 
-5554 
-5481 
-5391 
-5222 
-4953 
-4914 
-5089 
-5228 
-5527 
-5752 
-5823 
-5850 
-5912 
-6001 
-6230 
-6846 
-8173 
-10798 
-14900 
-19118 
-22067 
-23446 
-23918 
-24063 
-24177 
-24368 
-24661 
-24610 
-23517 
-21282 
-18853 
-17190 
-16616 
-16365 
-16236 
-16119 
-16025 
-15940 
-15659 
-15887 
-17731 
-19290 
-19871 
-20079 
-20244 
-20319 
-20365 
-20248 
-19719 
-19342 
-18767 
-16443 
-14092 
-12617 
-11587 
-11127 
-10962 
-10829 
-10593 
-10069 
-8622 
-6307 
-4235 
-3228 
-2989 
-2976 
-3003 
-3011 
-3022 
-3074 
-3353 
-4237 
-6021 
-8364 
-10464 
-12029 
-13209 
-13757 
-13979 
-14189 
-14694 
-15949 
-18102 
-20620 
-22591 
-23355 
-23267 
-22794 
-22495 
-22366 
-22243 
-21953 
-21178 
-20137 
-19076 
-18040 
-17590 
-17511 
-17627 
-17748 
-17790 
-17814 
-17909 
-18196 
-18233 
-18552 
-18935 
-18559 
-18151 
-17842 
-17694 
-17645 
-17594 
-17328 
-16395 
-14629 
-11740 
-8963 
-7117 
-5836 
-5124 
-4784 
-4658 
-4570 
-4484 
-4411 
-4381 
-4440 
-4813 
-5668 
-6510 
-6979 
-7225 
-7348 
-7485 
-7871 
-9218 
-11922 
-15515 
-19050 
-22181 
-24683 
-26008 
-26374 
-26461 
-26486 
-26404 
-25759 
-24201 
-21868 
-19212 
-16711 
-15096 
-14330 
-14186 
-14174 
-14188 
-14260 
-14655 
-15391 
-16348 
-17306 
-17765 
-18010 
-18063 
-17937 
-17879 
-17797 
-17610 
-17127 
-16257 
-14780 
-13169 
-11666 
-10275 
-9532 
-9346 
-9250 
-9168 
-8935 
-8120 
-6817 
-5843 
-5134 
-4937 
-4736 
-4631 
-4607 
-4618 
-4666 
-4851 
-5444 
-6504 
-7715 
-9374 
-11608 
-13691 
-14968 
-15505 
-15716 
-15887 
-16316 
-17532 
-19757 
-22126 
-23417 
-23108 
-22215 
-21517 
-21193 
-21068 
-20958 
-20701 
-19943 
-18576 
-17639 
-17548 
-18268 
-18878 
-19314 
-19418 
-19446 
-19467 
-19419 
-19343 
-19161 
-18121 
-16899 
-15165 
-13701 
-12850 
-12623 
-12536 
-12447 
-12242 
-11589 
-10358 
-8811 
-6618 
-5270 
-4825 
-4635 
-4581 
-4553 
-4532 
-4593 
-4955 
-6030 
-8193 
-11864 
-15064 
-17377 
-18732 
-19243 
-19447 
-19644 
-19967 
-20520 
-20978 
-21029 
-19754 
-18309 
-17004 
-16124 
-15749 
-15620 
-15525 
-15374 
-15269 
-15955 
-16872 
-17717 
-18985 
-20001 
-20570 
-20821 
-20889 
-20926 
-20970 
-20708 
-19587 
-18129 
-17011 
-15659 
-14438 
-13765 
-13410 
-13278 
-13144 
-12827 
-12227 
-10969 
-9184 
-7033 
-4899 
-3556 
-3046 
-2978 
-2966 
-2954 
-2956 
-3016 
-3352 
-4115 
-5329 
-6841 
-8044 
-8623 
-8847 
-8967 
-9141 
-9655 
-11221 
-14080 
-17813 
-21608 
-24767 
-26736 
-27481 
-27612 
-27596 
-27504 
-27162 
-25949 
-23615 
-20427 
-17241 
-14668 
-12982 
-12440 
-12415 
-12452 
-12535 
-12901 
-13816 
-15241 
-17066 
-18656 
-19863 
-20499 
-20807 
-20800 
-20754 
-20673 
-20272 
-19072 
-17076 
-14394 
-11439 
-8482 
-6528 
-5332 
-4915 
-4791 
-4685 
-4504 
-4491 
-4826 
-5309 
-5320 
-5973 
-6400 
-6766 
-6912 
-6984 
-7074 
-7299 
-7832 
-8868 
-11210 
-15523 
-19398 
-22353 
-23828 
-24335 
-24495 
-24625 
-24859 
-25118 
-24923 
-23366 
-20207 
-16872 
-14445 
-13201 
-12774 
-12636 
-12534 
-12421 
-12647 
-13794 
-16176 
-18973 
-21191 
-22667 
-23377 
-23580 
-23613 
-23613 
-23477 
-22738 
-21098 
-18516 
-15928 
-13784 
-12011 
-10918 
-10533 
-10410 
-10317 
-10157 
-9694 
-8549 
-6944 
-5505 
-4700 
-4225 
-4151 
-4161 
-4189 
-4220 
-4328 
-4808 
-6053 
-8194 
-11157 
-14365 
-17232 
-18851 
-19442 
-19652 
-19844 
-20301 
-21337 
-22703 
-23526 
-22803 
-20895 
-19009 
-17910 
-17497 
-17330 
-17173 
-16777 
-15794 
-14409 
-13174 
-12662 
-13308 
-14603 
-15464 
-15765 
-15869 
-15951 
-16184 
-16936 
-18106 
-19575 
-20873 
-21437 
-20822 
-20189 
-19930 
-19826 
-19721 
-19373 
-18278 
-16459 
-14129 
-11411 
-8716 
-6992 
-6195 
-5961 
-5889 
-5817 
-5696 
-5479 
-5097 
-4612 
-4487 
-4639 
-4766 
-4892 
-4995 
-5076 
-5201 
-5579 
-6813 
-9611 
-13854 
-18492 
-22753 
-26018 
-27634 
-28113 
-28243 
-28304 
-28312 
-27864 
-26227 
-23242 
-19759 
-16360 
-13863 
-12653 
-12275 
-12178 
-12149 
-12176 
-12531 
-13718 
-15889 
-18140 
-20031 
-21448 
-22169 
-22410 
-22468 
-22477 
-22407 
-21948 
-20764 
-18698 
-16451 
-14602 
-13157 
-12275 
-11916 
-11762 
-11612 
-11314 
-10822 
-10106 
-8878 
-7510 
-6039 
-4893 
-4457 
-4376 
-4366 
-4380 
-4439 
-4451 
-4215 
-4141 
-4600 
-5733 
-6808 
-7394 
-7595 
-7686 
-7796 
-8130 
-9258 
-11587 
-15067 
-18547 
-21417 
-23466 
-24473 
-24824 
-24929 
-24981 
-24965 
-24507 
-23249 
-21127 
-18791 
-16667 
-15150 
-14452 
-14280 
-14254 
-14229 
-14153 
-14123 
-14797 
-16199 
-17655 
-18660 
-19178 
-19387 
-19321 
-19272 
-19247 
-19230 
-19203 
-18448 
-17061 
-15537 
-13930 
-12665 
-11911 
-11683 
-11575 
-11460 
-11159 
-10310 
-8967 
-7126 
-5312 
-4379 
-4168 
-4237 
-4285 
-4324 
-4353 
-4413 
-4583 
-4910 
-5456 
-6321 
-7154 
-7764 
-8168 
-8404 
-8524 
-8691 
-9181 
-10536 
-13152 
-17109 
-21205 
-24331 
-25961 
-26391 
-26367 
-26298 
-26185 
-25855 
-24966 
-23303 
-20595 
-17585 
-15142 
-14022 
-13929 
-14004 
-14074 
-14154 
-14315 
-14790 
-15841 
-17303 
-18861 
-19772 
-20082 
-19908 
-19771 
-19695 
-19621 
-19475 
-19047 
-17835 
-15703 
-13049 
-10858 
-9185 
-8292 
-7987 
-7875 
-7767 
-7522 
-6784 
-5733 
-5124 
-5108 
-5503 
-5861 
-6007 
-6053 
-6079 
-6112 
-6209 
-6581 
-7358 
-8646 
-10326 
-12578 
-14662 
-16006 
-16550 
-16765 
-16973 
-17496 
-18734 
-20426 
-21750 
-22226 
-21620 
-20714 
-19966 
-19651 
-19517 
-19392 
-19087 
-18481 
-18176 
-18067 
-18238 
-18732 
-18902 
-18980 
-19040 
-19043 
-19017 
-19021 
-19080 
-18387 
-17085 
-16004 
-15183 
-14816 
-14909 
-14937 
-14952 
-14941 
-14739 
-14031 
-12906 
-11665 
-9813 
-7673 
-5942 
-4867 
-4518 
-4430 
-4397 
-4402 
-4328 
-4148 
-4148 
-4685 
-5546 
-6455 
-6954 
-7127 
-7200 
-7298 
-7651 
-9051 
-12056 
-15903 
-19680 
-22889 
-25234 
-26429 
-26747 
-26800 
-26781 
-26560 
-25553 
-23504 
-21111 
-19086 
-17329 
-15973 
-15353 
-15210 
-15208 
-15254 
-15410 
-15913 
-16544 
-16815 
-16739 
-16366 
-16106 
-15976 
-15906 
-15878 
-15833 
-15672 
-15149 
-14554 
-14251 
-13991 
-13913 
-13929 
-13784 
-13694 
-13621 
-13527 
-13380 
-13062 
-12284 
-10720 
-8690 
-6881 
-5529 
-4993 
-4879 
-4860 
-4849 
-4762 
-4498 
-4181 
-4152 
-4488 
-4926 
-5285 
-5483 
-5643 
-5781 
-5984 
-6570 
-8339 
-11784 
-16519 
-21191 
-24917 
-27185 
-28135 
-28315 
-28282 
-28176 
-27835 
-26739 
-24545 
-21478 
-18209 
-15566 
-14565 
-14302 
-14208 
-14194 
-14206 
-14322 
-14742 
-15253 
-15932 
-16655 
-17255 
-17356 
-17324 
-17337 
-17351 
-17345 
-17272 
-17007 
-16277 
-15209 
-14485 
-13491 
-12586 
-12011 
-11850 
-11786 
-11729 
-11592 
-11211 
-10932 
-10510 
-9550 
-9242 
-8983 
-8865 
-8768 
-8727 
-8705 
-8654 
-8426 
-7739 
-6882 
-6207 
-5359 
-4639 
-4359 
-4368 
-4404 
-4470 
-4771 
-5893 
-8375 
-12049 
-16161 
-20316 
-23394 
-24944 
-25426 
-25564 
-25636 
-25609 
-25155 
-23979 
-21989 
-19745 
-17368 
-15777 
-15043 
-14820 
-14765 
-14757 
-14768 
-14906 
-15250 
-15666 
-16081 
-16636 
-17062 
-17087 
-17004 
-16991 
-16938 
-16817 
-16554 
-15698 
-15297 
-14909 
-13721 
-12539 
-12303 
-12250 
-12189 
-12129 
-11987 
-11570 
-11176 
-9926 
-8284 
-7392 
-6877 
-6364 
-6217 
-6174 
-6149 
-6072 
-5806 
-5325 
-4879 
-4697 
-4851 
-5219 
-5464 
-5604 
-5683 
-5806 
-6197 
-7542 
-10510 
-14946 
-19870 
-23968 
-26537 
-27632 
-27912 
-27972 
-27961 
-27789 
-27003 
-25162 
-22564 
-19457 
-16537 
-14469 
-14405 
-14456 
-14463 
-14452 
-14428 
-14703 
-15773 
-16577 
-16896 
-17354 
-17714 
-16990 
-16717 
-16621 
-16590 
-16607 
-16288 
-14882 
-13279 
-12193 
-11569 
-11223 
-11050 
-10929 
-10884 
-10820 
-10632 
-10165 
-9336 
-8394 
-7603 
-6415 
-5644 
-5368 
-5336 
-5354 
-5378 
-5430 
-5657 
-6303 
-7237 
-8612 
-10542 
-12278 
-13337 
-13788 
-13978 
-14177 
-14712 
-16160 
-18503 
-20937 
-22449 
-22798 
-22373 
-21818 
-21502 
-21365 
-21206 
-20763 
-19918 
-19101 
-17992 
-16839 
-16957 
-17597 
-18022 
-18149 
-18153 
-18168 
-18240 
-17981 
-17131 
-16685 
-16904 
-16401 
-15625 
-15139 
-14964 
-14929 
-14898 
-14827 
-14779 
-14333 
-13025 
-11056 
-9143 
-7908 
-7388 
-7250 
-7185 
-7117 
-6950 
-6523 
-6017 
-5758 
-5667 
-5605 
-5456 
-5314 
-5262 
-5258 
-5275 
-5353 
-5656 
-6508 
-8155 
-11039 
-14658 
-17800 
-19787 
-20514 
-20782 
-20999 
-21426 
-22253 
-23273 
-23753 
-22762 
-20746 
-18898 
-17586 
-17077 
-16933 
-16827 
-16539 
-15658 
-15346 
-16433 
-17256 
-17670 
-17967 
